Electoral District Number/Numéro de circonscription,Electoral District Name_English/Nom de circonscription_Anglais,Electoral District Name_French/Nom de circonscription_Français,Polling Station Number/Numéro du bureau de scrutin,Polling Station Name/Nom du bureau de scrutin,Void Poll Indicator/Indicateur de bureau supprimé,No Poll Held Indicator/Indicateur de bureau sans scrutin,Merge With/Fusionné avec,Rejected Ballots for Polling Station/Bulletins rejetés du bureau,Electors for Polling Station/Électeurs du bureau,Candidate’s Family Name/Nom de famille du candidat,Candidate’s Middle Name/Second prénom du candidat,Candidate’s First Name/Prénom du candidat,Political Affiliation Name_English/Appartenance politique_Anglais,Political Affiliation Name_French/Appartenance politique_Français,Incumbent Indicator/Indicateur_Candidat sortant,Elected Candidate Indicator/Indicateur du candidat élu,Candidate Poll Votes Count/Votes du candidat pour le bureau
47007,"Regina--Lewvan","Regina--Lewvan"," 1","Regina",N,N,"",0,552,"Cameron","","Susan","Liberal","Libéral",N,N,13
47007,"Regina--Lewvan","Regina--Lewvan"," 1","Regina",N,N,"",0,552,"Donaldson","","Tria","NDP-New Democratic Party","NPD-Nouveau Parti démocratique",N,N,51
47007,"Regina--Lewvan","Regina--Lewvan"," 1","Regina",N,N,"",0,552,"Kletchko","","Roderick","People's Party - PPC","Parti populaire - PPC",N,N,3
47007,"Regina--Lewvan","Regina--Lewvan"," 1","Regina",N,N,"",0,552,"Steinley","","Warren","Conservative","Conservateur",Y,Y,150
47007,"Regina--Lewvan","Regina--Lewvan"," 1","Regina",N,N,"",0,552,"Wright","","Michael","Green Party","Parti Vert",N,N,0
47007,"Regina--Lewvan","Regina--Lewvan"," 2","Regina",N,N,"",0,460,"Cameron","","Susan","Liberal","Libéral",N,N,14
47007,"Regina--Lewvan","Regina--Lewvan"," 2","Regina",N,N,"",0,460,"Donaldson","","Tria","NDP-New Democratic Party","NPD-Nouveau Parti démocratique",N,N,50
47007,"Regina--Lewvan","Regina--Lewvan"," 2","Regina",N,N,"",0,460,"Kletchko","","Roderick","People's Party - PPC","Parti populaire - PPC",N,N,4
47007,"Regina--Lewvan","Regina--Lewvan"," 2","Regina",N,N,"",0,460,"Steinley","","Warren","Conservative","Conservateur",Y,Y,104
47007,"Regina--Lewvan","Regina--Lewvan"," 2","Regina",N,N,"",0,460,"Wright","","Michael","Green Party","Parti Vert",N,N,1
47007,"Regina--Lewvan","Regina--Lewvan"," 3","Regina",N,N,"",0,457,"Cameron","","Susan","Liberal","Libéral",N,N,21
47007,"Regina--Lewvan","Regina--Lewvan"," 3","Regina",N,N,"",0,457,"Donaldson","","Tria","NDP-New Democratic Party","NPD-Nouveau Parti démocratique",N,N,59
47007,"Regina--Lewvan","Regina--Lewvan"," 3","Regina",N,N,"",0,457,"Kletchko","","Roderick","People's Party - PPC","Parti populaire - PPC",N,N,7
47007,"Regina--Lewvan","Regina--Lewvan"," 3","Regina",N,N,"",0,457,"Steinley","","Warren","Conservative","Conservateur",Y,Y,85
47007,"Regina--Lewvan","Regina--Lewvan"," 3","Regina",N,N,"",0,457,"Wright","","Michael","Green Party","Parti Vert",N,N,1
47007,"Regina--Lewvan","Regina--Lewvan"," 4","Regina",N,N,"",0,428,"Cameron","","Susan","Liberal","Libéral",N,N,13
47007,"Regina--Lewvan","Regina--Lewvan"," 4","Regina",N,N,"",0,428,"Donaldson","","Tria","NDP-New Democratic Party","NPD-Nouveau Parti démocratique",N,N,47
47007,"Regina--Lewvan","Regina--Lewvan"," 4","Regina",N,N,"",0,428,"Kletchko","","Roderick","People's Party - PPC","Parti populaire - PPC",N,N,10
47007,"Regina--Lewvan","Regina--Lewvan"," 4","Regina",N,N,"",0,428,"Steinley","","Warren","Conservative","Conservateur",Y,Y,71
47007,"Regina--Lewvan","Regina--Lewvan"," 4","Regina",N,N,"",0,428,"Wright","","Michael","Green Party","Parti Vert",N,N,1
47007,"Regina--Lewvan","Regina--Lewvan"," 5","Regina",N,N,"",0,489,"Cameron","","Susan","Liberal","Libéral",N,N,16
47007,"Regina--Lewvan","Regina--Lewvan"," 5","Regina",N,N,"",0,489,"Donaldson","","Tria","NDP-New Democratic Party","NPD-Nouveau Parti démocratique",N,N,51
47007,"Regina--Lewvan","Regina--Lewvan"," 5","Regina",N,N,"",0,489,"Kletchko","","Roderick","People's Party - PPC","Parti populaire - PPC",N,N,2
47007,"Regina--Lewvan","Regina--Lewvan"," 5","Regina",N,N,"",0,489,"Steinley","","Warren","Conservative","Conservateur",Y,Y,92
47007,"Regina--Lewvan","Regina--Lewvan"," 5","Regina",N,N,"",0,489,"Wright","","Michael","Green Party","Parti Vert",N,N,7
47007,"Regina--Lewvan","Regina--Lewvan"," 6","Regina",N,N,"",0,297,"Cameron","","Susan","Liberal","Libéral",N,N,7
47007,"Regina--Lewvan","Regina--Lewvan"," 6","Regina",N,N,"",0,297,"Donaldson","","Tria","NDP-New Democratic Party","NPD-Nouveau Parti démocratique",N,N,26
47007,"Regina--Lewvan","Regina--Lewvan"," 6","Regina",N,N,"",0,297,"Kletchko","","Roderick","People's Party - PPC","Parti populaire - PPC",N,N,4
47007,"Regina--Lewvan","Regina--Lewvan"," 6","Regina",N,N,"",0,297,"Steinley","","Warren","Conservative","Conservateur",Y,Y,57
47007,"Regina--Lewvan","Regina--Lewvan"," 6","Regina",N,N,"",0,297,"Wright","","Michael","Green Party","Parti Vert",N,N,2
47007,"Regina--Lewvan","Regina--Lewvan"," 7","Regina",N,N,"",0,373,"Cameron","","Susan","Liberal","Libéral",N,N,22
47007,"Regina--Lewvan","Regina--Lewvan"," 7","Regina",N,N,"",0,373,"Donaldson","","Tria","NDP-New Democratic Party","NPD-Nouveau Parti démocratique",N,N,48
47007,"Regina--Lewvan","Regina--Lewvan"," 7","Regina",N,N,"",0,373,"Kletchko","","Roderick","People's Party - PPC","Parti populaire - PPC",N,N,2
47007,"Regina--Lewvan","Regina--Lewvan"," 7","Regina",N,N,"",0,373,"Steinley","","Warren","Conservative","Conservateur",Y,Y,79
47007,"Regina--Lewvan","Regina--Lewvan"," 7","Regina",N,N,"",0,373,"Wright","","Michael","Green Party","Parti Vert",N,N,2
47007,"Regina--Lewvan","Regina--Lewvan"," 8","Regina",N,N,"",0,405,"Cameron","","Susan","Liberal","Libéral",N,N,18
47007,"Regina--Lewvan","Regina--Lewvan"," 8","Regina",N,N,"",0,405,"Donaldson","","Tria","NDP-New Democratic Party","NPD-Nouveau Parti démocratique",N,N,39
47007,"Regina--Lewvan","Regina--Lewvan"," 8","Regina",N,N,"",0,405,"Kletchko","","Roderick","People's Party - PPC","Parti populaire - PPC",N,N,6
47007,"Regina--Lewvan","Regina--Lewvan"," 8","Regina",N,N,"",0,405,"Steinley","","Warren","Conservative","Conservateur",Y,Y,67
47007,"Regina--Lewvan","Regina--Lewvan"," 8","Regina",N,N,"",0,405,"Wright","","Michael","Green Party","Parti Vert",N,N,0
47007,"Regina--Lewvan","Regina--Lewvan"," 9","Regina",N,N,"",0,414,"Cameron","","Susan","Liberal","Libéral",N,N,21
47007,"Regina--Lewvan","Regina--Lewvan"," 9","Regina",N,N,"",0,414,"Donaldson","","Tria","NDP-New Democratic Party","NPD-Nouveau Parti démocratique",N,N,46
47007,"Regina--Lewvan","Regina--Lewvan"," 9","Regina",N,N,"",0,414,"Kletchko","","Roderick","People's Party - PPC","Parti populaire - PPC",N,N,4
47007,"Regina--Lewvan","Regina--Lewvan"," 9","Regina",N,N,"",0,414,"Steinley","","Warren","Conservative","Conservateur",Y,Y,81
47007,"Regina--Lewvan","Regina--Lewvan"," 9","Regina",N,N,"",0,414,"Wright","","Michael","Green Party","Parti Vert",N,N,2
47007,"Regina--Lewvan","Regina--Lewvan"," 10","Regina",N,N,"",1,364,"Cameron","","Susan","Liberal","Libéral",N,N,5
47007,"Regina--Lewvan","Regina--Lewvan"," 10","Regina",N,N,"",1,364,"Donaldson","","Tria","NDP-New Democratic Party","NPD-Nouveau Parti démocratique",N,N,40
47007,"Regina--Lewvan","Regina--Lewvan"," 10","Regina",N,N,"",1,364,"Kletchko","","Roderick","People's Party - PPC","Parti populaire - PPC",N,N,7
47007,"Regina--Lewvan","Regina--Lewvan"," 10","Regina",N,N,"",1,364,"Steinley","","Warren","Conservative","Conservateur",Y,Y,68
47007,"Regina--Lewvan","Regina--Lewvan"," 10","Regina",N,N,"",1,364,"Wright","","Michael","Green Party","Parti Vert",N,N,1
47007,"Regina--Lewvan","Regina--Lewvan"," 11","Regina",N,N,"",1,483,"Cameron","","Susan","Liberal","Libéral",N,N,12
47007,"Regina--Lewvan","Regina--Lewvan"," 11","Regina",N,N,"",1,483,"Donaldson","","Tria","NDP-New Democratic Party","NPD-Nouveau Parti démocratique",N,N,54
47007,"Regina--Lewvan","Regina--Lewvan"," 11","Regina",N,N,"",1,483,"Kletchko","","Roderick","People's Party - PPC","Parti populaire - PPC",N,N,0
47007,"Regina--Lewvan","Regina--Lewvan"," 11","Regina",N,N,"",1,483,"Steinley","","Warren","Conservative","Conservateur",Y,Y,111
47007,"Regina--Lewvan","Regina--Lewvan"," 11","Regina",N,N,"",1,483,"Wright","","Michael","Green Party","Parti Vert",N,N,0
47007,"Regina--Lewvan","Regina--Lewvan"," 12","Regina",N,N,"",0,428,"Cameron","","Susan","Liberal","Libéral",N,N,7
47007,"Regina--Lewvan","Regina--Lewvan"," 12","Regina",N,N,"",0,428,"Donaldson","","Tria","NDP-New Democratic Party","NPD-Nouveau Parti démocratique",N,N,35
47007,"Regina--Lewvan","Regina--Lewvan"," 12","Regina",N,N,"",0,428,"Kletchko","","Roderick","People's Party - PPC","Parti populaire - PPC",N,N,5
47007,"Regina--Lewvan","Regina--Lewvan"," 12","Regina",N,N,"",0,428,"Steinley","","Warren","Conservative","Conservateur",Y,Y,93
47007,"Regina--Lewvan","Regina--Lewvan"," 12","Regina",N,N,"",0,428,"Wright","","Michael","Green Party","Parti Vert",N,N,1
47007,"Regina--Lewvan","Regina--Lewvan"," 13","Regina",N,N,"",0,478,"Cameron","","Susan","Liberal","Libéral",N,N,12
47007,"Regina--Lewvan","Regina--Lewvan"," 13","Regina",N,N,"",0,478,"Donaldson","","Tria","NDP-New Democratic Party","NPD-Nouveau Parti démocratique",N,N,51
47007,"Regina--Lewvan","Regina--Lewvan"," 13","Regina",N,N,"",0,478,"Kletchko","","Roderick","People's Party - PPC","Parti populaire - PPC",N,N,1
47007,"Regina--Lewvan","Regina--Lewvan"," 13","Regina",N,N,"",0,478,"Steinley","","Warren","Conservative","Conservateur",Y,Y,99
47007,"Regina--Lewvan","Regina--Lewvan"," 13","Regina",N,N,"",0,478,"Wright","","Michael","Green Party","Parti Vert",N,N,5
47007,"Regina--Lewvan","Regina--Lewvan"," 14","Regina",N,N,"",0,417,"Cameron","","Susan","Liberal","Libéral",N,N,7
47007,"Regina--Lewvan","Regina--Lewvan"," 14","Regina",N,N,"",0,417,"Donaldson","","Tria","NDP-New Democratic Party","NPD-Nouveau Parti démocratique",N,N,35
47007,"Regina--Lewvan","Regina--Lewvan"," 14","Regina",N,N,"",0,417,"Kletchko","","Roderick","People's Party - PPC","Parti populaire - PPC",N,N,4
47007,"Regina--Lewvan","Regina--Lewvan"," 14","Regina",N,N,"",0,417,"Steinley","","Warren","Conservative","Conservateur",Y,Y,70
47007,"Regina--Lewvan","Regina--Lewvan"," 14","Regina",N,N,"",0,417,"Wright","","Michael","Green Party","Parti Vert",N,N,2
47007,"Regina--Lewvan","Regina--Lewvan"," 15","Regina",N,N,"",0,450,"Cameron","","Susan","Liberal","Libéral",N,N,19
47007,"Regina--Lewvan","Regina--Lewvan"," 15","Regina",N,N,"",0,450,"Donaldson","","Tria","NDP-New Democratic Party","NPD-Nouveau Parti démocratique",N,N,34
47007,"Regina--Lewvan","Regina--Lewvan"," 15","Regina",N,N,"",0,450,"Kletchko","","Roderick","People's Party - PPC","Parti populaire - PPC",N,N,4
47007,"Regina--Lewvan","Regina--Lewvan"," 15","Regina",N,N,"",0,450,"Steinley","","Warren","Conservative","Conservateur",Y,Y,74
47007,"Regina--Lewvan","Regina--Lewvan"," 15","Regina",N,N,"",0,450,"Wright","","Michael","Green Party","Parti Vert",N,N,1
47007,"Regina--Lewvan","Regina--Lewvan"," 16","Regina",N,N,"",0,383,"Cameron","","Susan","Liberal","Libéral",N,N,20
47007,"Regina--Lewvan","Regina--Lewvan"," 16","Regina",N,N,"",0,383,"Donaldson","","Tria","NDP-New Democratic Party","NPD-Nouveau Parti démocratique",N,N,43
47007,"Regina--Lewvan","Regina--Lewvan"," 16","Regina",N,N,"",0,383,"Kletchko","","Roderick","People's Party - PPC","Parti populaire - PPC",N,N,4
47007,"Regina--Lewvan","Regina--Lewvan"," 16","Regina",N,N,"",0,383,"Steinley","","Warren","Conservative","Conservateur",Y,Y,71
47007,"Regina--Lewvan","Regina--Lewvan"," 16","Regina",N,N,"",0,383,"Wright","","Michael","Green Party","Parti Vert",N,N,0
47007,"Regina--Lewvan","Regina--Lewvan"," 17","Regina",N,N,"",0,387,"Cameron","","Susan","Liberal","Libéral",N,N,11
47007,"Regina--Lewvan","Regina--Lewvan"," 17","Regina",N,N,"",0,387,"Donaldson","","Tria","NDP-New Democratic Party","NPD-Nouveau Parti démocratique",N,N,30
47007,"Regina--Lewvan","Regina--Lewvan"," 17","Regina",N,N,"",0,387,"Kletchko","","Roderick","People's Party - PPC","Parti populaire - PPC",N,N,1
47007,"Regina--Lewvan","Regina--Lewvan"," 17","Regina",N,N,"",0,387,"Steinley","","Warren","Conservative","Conservateur",Y,Y,87
47007,"Regina--Lewvan","Regina--Lewvan"," 17","Regina",N,N,"",0,387,"Wright","","Michael","Green Party","Parti Vert",N,N,1
47007,"Regina--Lewvan","Regina--Lewvan"," 18","Regina",N,N,"",0,532,"Cameron","","Susan","Liberal","Libéral",N,N,21
47007,"Regina--Lewvan","Regina--Lewvan"," 18","Regina",N,N,"",0,532,"Donaldson","","Tria","NDP-New Democratic Party","NPD-Nouveau Parti démocratique",N,N,46
47007,"Regina--Lewvan","Regina--Lewvan"," 18","Regina",N,N,"",0,532,"Kletchko","","Roderick","People's Party - PPC","Parti populaire - PPC",N,N,4
47007,"Regina--Lewvan","Regina--Lewvan"," 18","Regina",N,N,"",0,532,"Steinley","","Warren","Conservative","Conservateur",Y,Y,116
47007,"Regina--Lewvan","Regina--Lewvan"," 18","Regina",N,N,"",0,532,"Wright","","Michael","Green Party","Parti Vert",N,N,2
47007,"Regina--Lewvan","Regina--Lewvan"," 19","Regina",N,N,"",0,440,"Cameron","","Susan","Liberal","Libéral",N,N,17
47007,"Regina--Lewvan","Regina--Lewvan"," 19","Regina",N,N,"",0,440,"Donaldson","","Tria","NDP-New Democratic Party","NPD-Nouveau Parti démocratique",N,N,55
47007,"Regina--Lewvan","Regina--Lewvan"," 19","Regina",N,N,"",0,440,"Kletchko","","Roderick","People's Party - PPC","Parti populaire - PPC",N,N,1
47007,"Regina--Lewvan","Regina--Lewvan"," 19","Regina",N,N,"",0,440,"Steinley","","Warren","Conservative","Conservateur",Y,Y,96
47007,"Regina--Lewvan","Regina--Lewvan"," 19","Regina",N,N,"",0,440,"Wright","","Michael","Green Party","Parti Vert",N,N,0
47007,"Regina--Lewvan","Regina--Lewvan"," 20","Regina",N,N,"",1,374,"Cameron","","Susan","Liberal","Libéral",N,N,15
47007,"Regina--Lewvan","Regina--Lewvan"," 20","Regina",N,N,"",1,374,"Donaldson","","Tria","NDP-New Democratic Party","NPD-Nouveau Parti démocratique",N,N,28
47007,"Regina--Lewvan","Regina--Lewvan"," 20","Regina",N,N,"",1,374,"Kletchko","","Roderick","People's Party - PPC","Parti populaire - PPC",N,N,2
47007,"Regina--Lewvan","Regina--Lewvan"," 20","Regina",N,N,"",1,374,"Steinley","","Warren","Conservative","Conservateur",Y,Y,69
47007,"Regina--Lewvan","Regina--Lewvan"," 20","Regina",N,N,"",1,374,"Wright","","Michael","Green Party","Parti Vert",N,N,1
47007,"Regina--Lewvan","Regina--Lewvan"," 21","Regina",N,N,"",0,465,"Cameron","","Susan","Liberal","Libéral",N,N,16
47007,"Regina--Lewvan","Regina--Lewvan"," 21","Regina",N,N,"",0,465,"Donaldson","","Tria","NDP-New Democratic Party","NPD-Nouveau Parti démocratique",N,N,44
47007,"Regina--Lewvan","Regina--Lewvan"," 21","Regina",N,N,"",0,465,"Kletchko","","Roderick","People's Party - PPC","Parti populaire - PPC",N,N,3
47007,"Regina--Lewvan","Regina--Lewvan"," 21","Regina",N,N,"",0,465,"Steinley","","Warren","Conservative","Conservateur",Y,Y,69
47007,"Regina--Lewvan","Regina--Lewvan"," 21","Regina",N,N,"",0,465,"Wright","","Michael","Green Party","Parti Vert",N,N,1
47007,"Regina--Lewvan","Regina--Lewvan"," 22","Regina",N,N,"",0,445,"Cameron","","Susan","Liberal","Libéral",N,N,22
47007,"Regina--Lewvan","Regina--Lewvan"," 22","Regina",N,N,"",0,445,"Donaldson","","Tria","NDP-New Democratic Party","NPD-Nouveau Parti démocratique",N,N,38
47007,"Regina--Lewvan","Regina--Lewvan"," 22","Regina",N,N,"",0,445,"Kletchko","","Roderick","People's Party - PPC","Parti populaire - PPC",N,N,4
47007,"Regina--Lewvan","Regina--Lewvan"," 22","Regina",N,N,"",0,445,"Steinley","","Warren","Conservative","Conservateur",Y,Y,51
47007,"Regina--Lewvan","Regina--Lewvan"," 22","Regina",N,N,"",0,445,"Wright","","Michael","Green Party","Parti Vert",N,N,0
47007,"Regina--Lewvan","Regina--Lewvan"," 23","Regina",N,N,"",1,489,"Cameron","","Susan","Liberal","Libéral",N,N,17
47007,"Regina--Lewvan","Regina--Lewvan"," 23","Regina",N,N,"",1,489,"Donaldson","","Tria","NDP-New Democratic Party","NPD-Nouveau Parti démocratique",N,N,58
47007,"Regina--Lewvan","Regina--Lewvan"," 23","Regina",N,N,"",1,489,"Kletchko","","Roderick","People's Party - PPC","Parti populaire - PPC",N,N,8
47007,"Regina--Lewvan","Regina--Lewvan"," 23","Regina",N,N,"",1,489,"Steinley","","Warren","Conservative","Conservateur",Y,Y,72
47007,"Regina--Lewvan","Regina--Lewvan"," 23","Regina",N,N,"",1,489,"Wright","","Michael","Green Party","Parti Vert",N,N,2
47007,"Regina--Lewvan","Regina--Lewvan"," 24","Regina",N,N,"",0,528,"Cameron","","Susan","Liberal","Libéral",N,N,27
47007,"Regina--Lewvan","Regina--Lewvan"," 24","Regina",N,N,"",0,528,"Donaldson","","Tria","NDP-New Democratic Party","NPD-Nouveau Parti démocratique",N,N,61
47007,"Regina--Lewvan","Regina--Lewvan"," 24","Regina",N,N,"",0,528,"Kletchko","","Roderick","People's Party - PPC","Parti populaire - PPC",N,N,2
47007,"Regina--Lewvan","Regina--Lewvan"," 24","Regina",N,N,"",0,528,"Steinley","","Warren","Conservative","Conservateur",Y,Y,60
47007,"Regina--Lewvan","Regina--Lewvan"," 24","Regina",N,N,"",0,528,"Wright","","Michael","Green Party","Parti Vert",N,N,2
47007,"Regina--Lewvan","Regina--Lewvan"," 25","Regina",N,N,"",0,420,"Cameron","","Susan","Liberal","Libéral",N,N,19
47007,"Regina--Lewvan","Regina--Lewvan"," 25","Regina",N,N,"",0,420,"Donaldson","","Tria","NDP-New Democratic Party","NPD-Nouveau Parti démocratique",N,N,53
47007,"Regina--Lewvan","Regina--Lewvan"," 25","Regina",N,N,"",0,420,"Kletchko","","Roderick","People's Party - PPC","Parti populaire - PPC",N,N,7
47007,"Regina--Lewvan","Regina--Lewvan"," 25","Regina",N,N,"",0,420,"Steinley","","Warren","Conservative","Conservateur",Y,Y,73
47007,"Regina--Lewvan","Regina--Lewvan"," 25","Regina",N,N,"",0,420,"Wright","","Michael","Green Party","Parti Vert",N,N,0
47007,"Regina--Lewvan","Regina--Lewvan"," 26","Regina",N,N,"",0,503,"Cameron","","Susan","Liberal","Libéral",N,N,25
47007,"Regina--Lewvan","Regina--Lewvan"," 26","Regina",N,N,"",0,503,"Donaldson","","Tria","NDP-New Democratic Party","NPD-Nouveau Parti démocratique",N,N,53
47007,"Regina--Lewvan","Regina--Lewvan"," 26","Regina",N,N,"",0,503,"Kletchko","","Roderick","People's Party - PPC","Parti populaire - PPC",N,N,10
47007,"Regina--Lewvan","Regina--Lewvan"," 26","Regina",N,N,"",0,503,"Steinley","","Warren","Conservative","Conservateur",Y,Y,62
47007,"Regina--Lewvan","Regina--Lewvan"," 26","Regina",N,N,"",0,503,"Wright","","Michael","Green Party","Parti Vert",N,N,3
47007,"Regina--Lewvan","Regina--Lewvan"," 27","Regina",N,N,"",0,440,"Cameron","","Susan","Liberal","Libéral",N,N,9
47007,"Regina--Lewvan","Regina--Lewvan"," 27","Regina",N,N,"",0,440,"Donaldson","","Tria","NDP-New Democratic Party","NPD-Nouveau Parti démocratique",N,N,42
47007,"Regina--Lewvan","Regina--Lewvan"," 27","Regina",N,N,"",0,440,"Kletchko","","Roderick","People's Party - PPC","Parti populaire - PPC",N,N,7
47007,"Regina--Lewvan","Regina--Lewvan"," 27","Regina",N,N,"",0,440,"Steinley","","Warren","Conservative","Conservateur",Y,Y,70
47007,"Regina--Lewvan","Regina--Lewvan"," 27","Regina",N,N,"",0,440,"Wright","","Michael","Green Party","Parti Vert",N,N,2
47007,"Regina--Lewvan","Regina--Lewvan"," 28","Regina",N,N,"",0,427,"Cameron","","Susan","Liberal","Libéral",N,N,20
47007,"Regina--Lewvan","Regina--Lewvan"," 28","Regina",N,N,"",0,427,"Donaldson","","Tria","NDP-New Democratic Party","NPD-Nouveau Parti démocratique",N,N,40
47007,"Regina--Lewvan","Regina--Lewvan"," 28","Regina",N,N,"",0,427,"Kletchko","","Roderick","People's Party - PPC","Parti populaire - PPC",N,N,3
47007,"Regina--Lewvan","Regina--Lewvan"," 28","Regina",N,N,"",0,427,"Steinley","","Warren","Conservative","Conservateur",Y,Y,35
47007,"Regina--Lewvan","Regina--Lewvan"," 28","Regina",N,N,"",0,427,"Wright","","Michael","Green Party","Parti Vert",N,N,0
47007,"Regina--Lewvan","Regina--Lewvan"," 29","Regina",N,N,"",0,364,"Cameron","","Susan","Liberal","Libéral",N,N,8
47007,"Regina--Lewvan","Regina--Lewvan"," 29","Regina",N,N,"",0,364,"Donaldson","","Tria","NDP-New Democratic Party","NPD-Nouveau Parti démocratique",N,N,50
47007,"Regina--Lewvan","Regina--Lewvan"," 29","Regina",N,N,"",0,364,"Kletchko","","Roderick","People's Party - PPC","Parti populaire - PPC",N,N,14
47007,"Regina--Lewvan","Regina--Lewvan"," 29","Regina",N,N,"",0,364,"Steinley","","Warren","Conservative","Conservateur",Y,Y,46
47007,"Regina--Lewvan","Regina--Lewvan"," 29","Regina",N,N,"",0,364,"Wright","","Michael","Green Party","Parti Vert",N,N,0
47007,"Regina--Lewvan","Regina--Lewvan"," 30","Regina",N,N,"",0,587,"Cameron","","Susan","Liberal","Libéral",N,N,21
47007,"Regina--Lewvan","Regina--Lewvan"," 30","Regina",N,N,"",0,587,"Donaldson","","Tria","NDP-New Democratic Party","NPD-Nouveau Parti démocratique",N,N,59
47007,"Regina--Lewvan","Regina--Lewvan"," 30","Regina",N,N,"",0,587,"Kletchko","","Roderick","People's Party - PPC","Parti populaire - PPC",N,N,7
47007,"Regina--Lewvan","Regina--Lewvan"," 30","Regina",N,N,"",0,587,"Steinley","","Warren","Conservative","Conservateur",Y,Y,88
47007,"Regina--Lewvan","Regina--Lewvan"," 30","Regina",N,N,"",0,587,"Wright","","Michael","Green Party","Parti Vert",N,N,1
47007,"Regina--Lewvan","Regina--Lewvan"," 31","Regina",N,N,"",0,434,"Cameron","","Susan","Liberal","Libéral",N,N,13
47007,"Regina--Lewvan","Regina--Lewvan"," 31","Regina",N,N,"",0,434,"Donaldson","","Tria","NDP-New Democratic Party","NPD-Nouveau Parti démocratique",N,N,67
47007,"Regina--Lewvan","Regina--Lewvan"," 31","Regina",N,N,"",0,434,"Kletchko","","Roderick","People's Party - PPC","Parti populaire - PPC",N,N,3
47007,"Regina--Lewvan","Regina--Lewvan"," 31","Regina",N,N,"",0,434,"Steinley","","Warren","Conservative","Conservateur",Y,Y,89
47007,"Regina--Lewvan","Regina--Lewvan"," 31","Regina",N,N,"",0,434,"Wright","","Michael","Green Party","Parti Vert",N,N,2
47007,"Regina--Lewvan","Regina--Lewvan"," 32","Regina",N,N,"",0,464,"Cameron","","Susan","Liberal","Libéral",N,N,10
47007,"Regina--Lewvan","Regina--Lewvan"," 32","Regina",N,N,"",0,464,"Donaldson","","Tria","NDP-New Democratic Party","NPD-Nouveau Parti démocratique",N,N,49
47007,"Regina--Lewvan","Regina--Lewvan"," 32","Regina",N,N,"",0,464,"Kletchko","","Roderick","People's Party - PPC","Parti populaire - PPC",N,N,16
47007,"Regina--Lewvan","Regina--Lewvan"," 32","Regina",N,N,"",0,464,"Steinley","","Warren","Conservative","Conservateur",Y,Y,85
47007,"Regina--Lewvan","Regina--Lewvan"," 32","Regina",N,N,"",0,464,"Wright","","Michael","Green Party","Parti Vert",N,N,1
47007,"Regina--Lewvan","Regina--Lewvan"," 33","Regina",N,N,"",0,440,"Cameron","","Susan","Liberal","Libéral",N,N,18
47007,"Regina--Lewvan","Regina--Lewvan"," 33","Regina",N,N,"",0,440,"Donaldson","","Tria","NDP-New Democratic Party","NPD-Nouveau Parti démocratique",N,N,50
47007,"Regina--Lewvan","Regina--Lewvan"," 33","Regina",N,N,"",0,440,"Kletchko","","Roderick","People's Party - PPC","Parti populaire - PPC",N,N,4
47007,"Regina--Lewvan","Regina--Lewvan"," 33","Regina",N,N,"",0,440,"Steinley","","Warren","Conservative","Conservateur",Y,Y,66
47007,"Regina--Lewvan","Regina--Lewvan"," 33","Regina",N,N,"",0,440,"Wright","","Michael","Green Party","Parti Vert",N,N,1
47007,"Regina--Lewvan","Regina--Lewvan"," 34","Regina",N,N,"",1,360,"Cameron","","Susan","Liberal","Libéral",N,N,16
47007,"Regina--Lewvan","Regina--Lewvan"," 34","Regina",N,N,"",1,360,"Donaldson","","Tria","NDP-New Democratic Party","NPD-Nouveau Parti démocratique",N,N,47
47007,"Regina--Lewvan","Regina--Lewvan"," 34","Regina",N,N,"",1,360,"Kletchko","","Roderick","People's Party - PPC","Parti populaire - PPC",N,N,5
47007,"Regina--Lewvan","Regina--Lewvan"," 34","Regina",N,N,"",1,360,"Steinley","","Warren","Conservative","Conservateur",Y,Y,60
47007,"Regina--Lewvan","Regina--Lewvan"," 34","Regina",N,N,"",1,360,"Wright","","Michael","Green Party","Parti Vert",N,N,1
47007,"Regina--Lewvan","Regina--Lewvan"," 35","Regina",N,N,"",0,440,"Cameron","","Susan","Liberal","Libéral",N,N,20
47007,"Regina--Lewvan","Regina--Lewvan"," 35","Regina",N,N,"",0,440,"Donaldson","","Tria","NDP-New Democratic Party","NPD-Nouveau Parti démocratique",N,N,61
47007,"Regina--Lewvan","Regina--Lewvan"," 35","Regina",N,N,"",0,440,"Kletchko","","Roderick","People's Party - PPC","Parti populaire - PPC",N,N,7
47007,"Regina--Lewvan","Regina--Lewvan"," 35","Regina",N,N,"",0,440,"Steinley","","Warren","Conservative","Conservateur",Y,Y,93
47007,"Regina--Lewvan","Regina--Lewvan"," 35","Regina",N,N,"",0,440,"Wright","","Michael","Green Party","Parti Vert",N,N,1
47007,"Regina--Lewvan","Regina--Lewvan"," 36","Regina",N,N,"",0,472,"Cameron","","Susan","Liberal","Libéral",N,N,11
47007,"Regina--Lewvan","Regina--Lewvan"," 36","Regina",N,N,"",0,472,"Donaldson","","Tria","NDP-New Democratic Party","NPD-Nouveau Parti démocratique",N,N,72
47007,"Regina--Lewvan","Regina--Lewvan"," 36","Regina",N,N,"",0,472,"Kletchko","","Roderick","People's Party - PPC","Parti populaire - PPC",N,N,5
47007,"Regina--Lewvan","Regina--Lewvan"," 36","Regina",N,N,"",0,472,"Steinley","","Warren","Conservative","Conservateur",Y,Y,88
47007,"Regina--Lewvan","Regina--Lewvan"," 36","Regina",N,N,"",0,472,"Wright","","Michael","Green Party","Parti Vert",N,N,1
47007,"Regina--Lewvan","Regina--Lewvan"," 37","Regina",N,N,"",1,509,"Cameron","","Susan","Liberal","Libéral",N,N,13
47007,"Regina--Lewvan","Regina--Lewvan"," 37","Regina",N,N,"",1,509,"Donaldson","","Tria","NDP-New Democratic Party","NPD-Nouveau Parti démocratique",N,N,46
47007,"Regina--Lewvan","Regina--Lewvan"," 37","Regina",N,N,"",1,509,"Kletchko","","Roderick","People's Party - PPC","Parti populaire - PPC",N,N,5
47007,"Regina--Lewvan","Regina--Lewvan"," 37","Regina",N,N,"",1,509,"Steinley","","Warren","Conservative","Conservateur",Y,Y,79
47007,"Regina--Lewvan","Regina--Lewvan"," 37","Regina",N,N,"",1,509,"Wright","","Michael","Green Party","Parti Vert",N,N,0
47007,"Regina--Lewvan","Regina--Lewvan"," 38","Regina",N,N,"",3,460,"Cameron","","Susan","Liberal","Libéral",N,N,12
47007,"Regina--Lewvan","Regina--Lewvan"," 38","Regina",N,N,"",3,460,"Donaldson","","Tria","NDP-New Democratic Party","NPD-Nouveau Parti démocratique",N,N,52
47007,"Regina--Lewvan","Regina--Lewvan"," 38","Regina",N,N,"",3,460,"Kletchko","","Roderick","People's Party - PPC","Parti populaire - PPC",N,N,7
47007,"Regina--Lewvan","Regina--Lewvan"," 38","Regina",N,N,"",3,460,"Steinley","","Warren","Conservative","Conservateur",Y,Y,75
47007,"Regina--Lewvan","Regina--Lewvan"," 38","Regina",N,N,"",3,460,"Wright","","Michael","Green Party","Parti Vert",N,N,6
47007,"Regina--Lewvan","Regina--Lewvan"," 39","Regina",N,N,"",0,417,"Cameron","","Susan","Liberal","Libéral",N,N,17
47007,"Regina--Lewvan","Regina--Lewvan"," 39","Regina",N,N,"",0,417,"Donaldson","","Tria","NDP-New Democratic Party","NPD-Nouveau Parti démocratique",N,N,48
47007,"Regina--Lewvan","Regina--Lewvan"," 39","Regina",N,N,"",0,417,"Kletchko","","Roderick","People's Party - PPC","Parti populaire - PPC",N,N,4
47007,"Regina--Lewvan","Regina--Lewvan"," 39","Regina",N,N,"",0,417,"Steinley","","Warren","Conservative","Conservateur",Y,Y,57
47007,"Regina--Lewvan","Regina--Lewvan"," 39","Regina",N,N,"",0,417,"Wright","","Michael","Green Party","Parti Vert",N,N,3
47007,"Regina--Lewvan","Regina--Lewvan"," 40","Regina",N,N,"",0,431,"Cameron","","Susan","Liberal","Libéral",N,N,5
47007,"Regina--Lewvan","Regina--Lewvan"," 40","Regina",N,N,"",0,431,"Donaldson","","Tria","NDP-New Democratic Party","NPD-Nouveau Parti démocratique",N,N,41
47007,"Regina--Lewvan","Regina--Lewvan"," 40","Regina",N,N,"",0,431,"Kletchko","","Roderick","People's Party - PPC","Parti populaire - PPC",N,N,6
47007,"Regina--Lewvan","Regina--Lewvan"," 40","Regina",N,N,"",0,431,"Steinley","","Warren","Conservative","Conservateur",Y,Y,66
47007,"Regina--Lewvan","Regina--Lewvan"," 40","Regina",N,N,"",0,431,"Wright","","Michael","Green Party","Parti Vert",N,N,1
47007,"Regina--Lewvan","Regina--Lewvan"," 41","Regina",N,N,"",1,395,"Cameron","","Susan","Liberal","Libéral",N,N,9
47007,"Regina--Lewvan","Regina--Lewvan"," 41","Regina",N,N,"",1,395,"Donaldson","","Tria","NDP-New Democratic Party","NPD-Nouveau Parti démocratique",N,N,54
47007,"Regina--Lewvan","Regina--Lewvan"," 41","Regina",N,N,"",1,395,"Kletchko","","Roderick","People's Party - PPC","Parti populaire - PPC",N,N,3
47007,"Regina--Lewvan","Regina--Lewvan"," 41","Regina",N,N,"",1,395,"Steinley","","Warren","Conservative","Conservateur",Y,Y,75
47007,"Regina--Lewvan","Regina--Lewvan"," 41","Regina",N,N,"",1,395,"Wright","","Michael","Green Party","Parti Vert",N,N,1
47007,"Regina--Lewvan","Regina--Lewvan"," 42","Regina",N,N,"",0,387,"Cameron","","Susan","Liberal","Libéral",N,N,10
47007,"Regina--Lewvan","Regina--Lewvan"," 42","Regina",N,N,"",0,387,"Donaldson","","Tria","NDP-New Democratic Party","NPD-Nouveau Parti démocratique",N,N,45
47007,"Regina--Lewvan","Regina--Lewvan"," 42","Regina",N,N,"",0,387,"Kletchko","","Roderick","People's Party - PPC","Parti populaire - PPC",N,N,8
47007,"Regina--Lewvan","Regina--Lewvan"," 42","Regina",N,N,"",0,387,"Steinley","","Warren","Conservative","Conservateur",Y,Y,93
47007,"Regina--Lewvan","Regina--Lewvan"," 42","Regina",N,N,"",0,387,"Wright","","Michael","Green Party","Parti Vert",N,N,0
47007,"Regina--Lewvan","Regina--Lewvan"," 43","Regina",N,N,"",0,355,"Cameron","","Susan","Liberal","Libéral",N,N,17
47007,"Regina--Lewvan","Regina--Lewvan"," 43","Regina",N,N,"",0,355,"Donaldson","","Tria","NDP-New Democratic Party","NPD-Nouveau Parti démocratique",N,N,51
47007,"Regina--Lewvan","Regina--Lewvan"," 43","Regina",N,N,"",0,355,"Kletchko","","Roderick","People's Party - PPC","Parti populaire - PPC",N,N,5
47007,"Regina--Lewvan","Regina--Lewvan"," 43","Regina",N,N,"",0,355,"Steinley","","Warren","Conservative","Conservateur",Y,Y,67
47007,"Regina--Lewvan","Regina--Lewvan"," 43","Regina",N,N,"",0,355,"Wright","","Michael","Green Party","Parti Vert",N,N,1
47007,"Regina--Lewvan","Regina--Lewvan"," 44","Regina",N,N,"",0,368,"Cameron","","Susan","Liberal","Libéral",N,N,8
47007,"Regina--Lewvan","Regina--Lewvan"," 44","Regina",N,N,"",0,368,"Donaldson","","Tria","NDP-New Democratic Party","NPD-Nouveau Parti démocratique",N,N,34
47007,"Regina--Lewvan","Regina--Lewvan"," 44","Regina",N,N,"",0,368,"Kletchko","","Roderick","People's Party - PPC","Parti populaire - PPC",N,N,11
47007,"Regina--Lewvan","Regina--Lewvan"," 44","Regina",N,N,"",0,368,"Steinley","","Warren","Conservative","Conservateur",Y,Y,75
47007,"Regina--Lewvan","Regina--Lewvan"," 44","Regina",N,N,"",0,368,"Wright","","Michael","Green Party","Parti Vert",N,N,0
47007,"Regina--Lewvan","Regina--Lewvan"," 45","Regina",N,N,"",1,466,"Cameron","","Susan","Liberal","Libéral",N,N,18
47007,"Regina--Lewvan","Regina--Lewvan"," 45","Regina",N,N,"",1,466,"Donaldson","","Tria","NDP-New Democratic Party","NPD-Nouveau Parti démocratique",N,N,56
47007,"Regina--Lewvan","Regina--Lewvan"," 45","Regina",N,N,"",1,466,"Kletchko","","Roderick","People's Party - PPC","Parti populaire - PPC",N,N,4
47007,"Regina--Lewvan","Regina--Lewvan"," 45","Regina",N,N,"",1,466,"Steinley","","Warren","Conservative","Conservateur",Y,Y,90
47007,"Regina--Lewvan","Regina--Lewvan"," 45","Regina",N,N,"",1,466,"Wright","","Michael","Green Party","Parti Vert",N,N,2
47007,"Regina--Lewvan","Regina--Lewvan"," 46","Regina",N,N,"",1,359,"Cameron","","Susan","Liberal","Libéral",N,N,7
47007,"Regina--Lewvan","Regina--Lewvan"," 46","Regina",N,N,"",1,359,"Donaldson","","Tria","NDP-New Democratic Party","NPD-Nouveau Parti démocratique",N,N,34
47007,"Regina--Lewvan","Regina--Lewvan"," 46","Regina",N,N,"",1,359,"Kletchko","","Roderick","People's Party - PPC","Parti populaire - PPC",N,N,3
47007,"Regina--Lewvan","Regina--Lewvan"," 46","Regina",N,N,"",1,359,"Steinley","","Warren","Conservative","Conservateur",Y,Y,59
47007,"Regina--Lewvan","Regina--Lewvan"," 46","Regina",N,N,"",1,359,"Wright","","Michael","Green Party","Parti Vert",N,N,0
47007,"Regina--Lewvan","Regina--Lewvan"," 47","Regina",N,N,"",1,312,"Cameron","","Susan","Liberal","Libéral",N,N,11
47007,"Regina--Lewvan","Regina--Lewvan"," 47","Regina",N,N,"",1,312,"Donaldson","","Tria","NDP-New Democratic Party","NPD-Nouveau Parti démocratique",N,N,34
47007,"Regina--Lewvan","Regina--Lewvan"," 47","Regina",N,N,"",1,312,"Kletchko","","Roderick","People's Party - PPC","Parti populaire - PPC",N,N,5
47007,"Regina--Lewvan","Regina--Lewvan"," 47","Regina",N,N,"",1,312,"Steinley","","Warren","Conservative","Conservateur",Y,Y,36
47007,"Regina--Lewvan","Regina--Lewvan"," 47","Regina",N,N,"",1,312,"Wright","","Michael","Green Party","Parti Vert",N,N,1
47007,"Regina--Lewvan","Regina--Lewvan"," 48","Regina",N,N,"",0,327,"Cameron","","Susan","Liberal","Libéral",N,N,12
47007,"Regina--Lewvan","Regina--Lewvan"," 48","Regina",N,N,"",0,327,"Donaldson","","Tria","NDP-New Democratic Party","NPD-Nouveau Parti démocratique",N,N,36
47007,"Regina--Lewvan","Regina--Lewvan"," 48","Regina",N,N,"",0,327,"Kletchko","","Roderick","People's Party - PPC","Parti populaire - PPC",N,N,4
47007,"Regina--Lewvan","Regina--Lewvan"," 48","Regina",N,N,"",0,327,"Steinley","","Warren","Conservative","Conservateur",Y,Y,60
47007,"Regina--Lewvan","Regina--Lewvan"," 48","Regina",N,N,"",0,327,"Wright","","Michael","Green Party","Parti Vert",N,N,0
47007,"Regina--Lewvan","Regina--Lewvan"," 49","Regina",N,N,"",0,622,"Cameron","","Susan","Liberal","Libéral",N,N,15
47007,"Regina--Lewvan","Regina--Lewvan"," 49","Regina",N,N,"",0,622,"Donaldson","","Tria","NDP-New Democratic Party","NPD-Nouveau Parti démocratique",N,N,60
47007,"Regina--Lewvan","Regina--Lewvan"," 49","Regina",N,N,"",0,622,"Kletchko","","Roderick","People's Party - PPC","Parti populaire - PPC",N,N,15
47007,"Regina--Lewvan","Regina--Lewvan"," 49","Regina",N,N,"",0,622,"Steinley","","Warren","Conservative","Conservateur",Y,Y,37
47007,"Regina--Lewvan","Regina--Lewvan"," 49","Regina",N,N,"",0,622,"Wright","","Michael","Green Party","Parti Vert",N,N,4
47007,"Regina--Lewvan","Regina--Lewvan"," 50","Regina",N,N,"",1,434,"Cameron","","Susan","Liberal","Libéral",N,N,17
47007,"Regina--Lewvan","Regina--Lewvan"," 50","Regina",N,N,"",1,434,"Donaldson","","Tria","NDP-New Democratic Party","NPD-Nouveau Parti démocratique",N,N,48
47007,"Regina--Lewvan","Regina--Lewvan"," 50","Regina",N,N,"",1,434,"Kletchko","","Roderick","People's Party - PPC","Parti populaire - PPC",N,N,6
47007,"Regina--Lewvan","Regina--Lewvan"," 50","Regina",N,N,"",1,434,"Steinley","","Warren","Conservative","Conservateur",Y,Y,63
47007,"Regina--Lewvan","Regina--Lewvan"," 50","Regina",N,N,"",1,434,"Wright","","Michael","Green Party","Parti Vert",N,N,6
47007,"Regina--Lewvan","Regina--Lewvan"," 51","Regina",N,N,"",0,386,"Cameron","","Susan","Liberal","Libéral",N,N,10
47007,"Regina--Lewvan","Regina--Lewvan"," 51","Regina",N,N,"",0,386,"Donaldson","","Tria","NDP-New Democratic Party","NPD-Nouveau Parti démocratique",N,N,40
47007,"Regina--Lewvan","Regina--Lewvan"," 51","Regina",N,N,"",0,386,"Kletchko","","Roderick","People's Party - PPC","Parti populaire - PPC",N,N,5
47007,"Regina--Lewvan","Regina--Lewvan"," 51","Regina",N,N,"",0,386,"Steinley","","Warren","Conservative","Conservateur",Y,Y,95
47007,"Regina--Lewvan","Regina--Lewvan"," 51","Regina",N,N,"",0,386,"Wright","","Michael","Green Party","Parti Vert",N,N,0
47007,"Regina--Lewvan","Regina--Lewvan"," 52","Regina",N,N,"",2,532,"Cameron","","Susan","Liberal","Libéral",N,N,10
47007,"Regina--Lewvan","Regina--Lewvan"," 52","Regina",N,N,"",2,532,"Donaldson","","Tria","NDP-New Democratic Party","NPD-Nouveau Parti démocratique",N,N,56
47007,"Regina--Lewvan","Regina--Lewvan"," 52","Regina",N,N,"",2,532,"Kletchko","","Roderick","People's Party - PPC","Parti populaire - PPC",N,N,3
47007,"Regina--Lewvan","Regina--Lewvan"," 52","Regina",N,N,"",2,532,"Steinley","","Warren","Conservative","Conservateur",Y,Y,94
47007,"Regina--Lewvan","Regina--Lewvan"," 52","Regina",N,N,"",2,532,"Wright","","Michael","Green Party","Parti Vert",N,N,4
47007,"Regina--Lewvan","Regina--Lewvan"," 53","Regina",N,N,"",0,512,"Cameron","","Susan","Liberal","Libéral",N,N,21
47007,"Regina--Lewvan","Regina--Lewvan"," 53","Regina",N,N,"",0,512,"Donaldson","","Tria","NDP-New Democratic Party","NPD-Nouveau Parti démocratique",N,N,52
47007,"Regina--Lewvan","Regina--Lewvan"," 53","Regina",N,N,"",0,512,"Kletchko","","Roderick","People's Party - PPC","Parti populaire - PPC",N,N,8
47007,"Regina--Lewvan","Regina--Lewvan"," 53","Regina",N,N,"",0,512,"Steinley","","Warren","Conservative","Conservateur",Y,Y,111
47007,"Regina--Lewvan","Regina--Lewvan"," 53","Regina",N,N,"",0,512,"Wright","","Michael","Green Party","Parti Vert",N,N,1
47007,"Regina--Lewvan","Regina--Lewvan"," 54","Regina",N,N,"",0,538,"Cameron","","Susan","Liberal","Libéral",N,N,21
47007,"Regina--Lewvan","Regina--Lewvan"," 54","Regina",N,N,"",0,538,"Donaldson","","Tria","NDP-New Democratic Party","NPD-Nouveau Parti démocratique",N,N,95
47007,"Regina--Lewvan","Regina--Lewvan"," 54","Regina",N,N,"",0,538,"Kletchko","","Roderick","People's Party - PPC","Parti populaire - PPC",N,N,11
47007,"Regina--Lewvan","Regina--Lewvan"," 54","Regina",N,N,"",0,538,"Steinley","","Warren","Conservative","Conservateur",Y,Y,97
47007,"Regina--Lewvan","Regina--Lewvan"," 54","Regina",N,N,"",0,538,"Wright","","Michael","Green Party","Parti Vert",N,N,0
47007,"Regina--Lewvan","Regina--Lewvan"," 55","Regina",N,N,"",0,631,"Cameron","","Susan","Liberal","Libéral",N,N,19
47007,"Regina--Lewvan","Regina--Lewvan"," 55","Regina",N,N,"",0,631,"Donaldson","","Tria","NDP-New Democratic Party","NPD-Nouveau Parti démocratique",N,N,58
47007,"Regina--Lewvan","Regina--Lewvan"," 55","Regina",N,N,"",0,631,"Kletchko","","Roderick","People's Party - PPC","Parti populaire - PPC",N,N,5
47007,"Regina--Lewvan","Regina--Lewvan"," 55","Regina",N,N,"",0,631,"Steinley","","Warren","Conservative","Conservateur",Y,Y,157
47007,"Regina--Lewvan","Regina--Lewvan"," 55","Regina",N,N,"",0,631,"Wright","","Michael","Green Party","Parti Vert",N,N,3
47007,"Regina--Lewvan","Regina--Lewvan"," 56","Regina",N,N,"",1,457,"Cameron","","Susan","Liberal","Libéral",N,N,20
47007,"Regina--Lewvan","Regina--Lewvan"," 56","Regina",N,N,"",1,457,"Donaldson","","Tria","NDP-New Democratic Party","NPD-Nouveau Parti démocratique",N,N,42
47007,"Regina--Lewvan","Regina--Lewvan"," 56","Regina",N,N,"",1,457,"Kletchko","","Roderick","People's Party - PPC","Parti populaire - PPC",N,N,3
47007,"Regina--Lewvan","Regina--Lewvan"," 56","Regina",N,N,"",1,457,"Steinley","","Warren","Conservative","Conservateur",Y,Y,74
47007,"Regina--Lewvan","Regina--Lewvan"," 56","Regina",N,N,"",1,457,"Wright","","Michael","Green Party","Parti Vert",N,N,1
47007,"Regina--Lewvan","Regina--Lewvan"," 57","Regina",N,N,"",0,389,"Cameron","","Susan","Liberal","Libéral",N,N,20
47007,"Regina--Lewvan","Regina--Lewvan"," 57","Regina",N,N,"",0,389,"Donaldson","","Tria","NDP-New Democratic Party","NPD-Nouveau Parti démocratique",N,N,29
47007,"Regina--Lewvan","Regina--Lewvan"," 57","Regina",N,N,"",0,389,"Kletchko","","Roderick","People's Party - PPC","Parti populaire - PPC",N,N,9
47007,"Regina--Lewvan","Regina--Lewvan"," 57","Regina",N,N,"",0,389,"Steinley","","Warren","Conservative","Conservateur",Y,Y,47
47007,"Regina--Lewvan","Regina--Lewvan"," 57","Regina",N,N,"",0,389,"Wright","","Michael","Green Party","Parti Vert",N,N,4
47007,"Regina--Lewvan","Regina--Lewvan"," 58","Regina",N,N,"",0,404,"Cameron","","Susan","Liberal","Libéral",N,N,14
47007,"Regina--Lewvan","Regina--Lewvan"," 58","Regina",N,N,"",0,404,"Donaldson","","Tria","NDP-New Democratic Party","NPD-Nouveau Parti démocratique",N,N,63
47007,"Regina--Lewvan","Regina--Lewvan"," 58","Regina",N,N,"",0,404,"Kletchko","","Roderick","People's Party - PPC","Parti populaire - PPC",N,N,4
47007,"Regina--Lewvan","Regina--Lewvan"," 58","Regina",N,N,"",0,404,"Steinley","","Warren","Conservative","Conservateur",Y,Y,52
47007,"Regina--Lewvan","Regina--Lewvan"," 58","Regina",N,N,"",0,404,"Wright","","Michael","Green Party","Parti Vert",N,N,1
47007,"Regina--Lewvan","Regina--Lewvan"," 59","Regina",N,N,"",0,305,"Cameron","","Susan","Liberal","Libéral",N,N,18
47007,"Regina--Lewvan","Regina--Lewvan"," 59","Regina",N,N,"",0,305,"Donaldson","","Tria","NDP-New Democratic Party","NPD-Nouveau Parti démocratique",N,N,26
47007,"Regina--Lewvan","Regina--Lewvan"," 59","Regina",N,N,"",0,305,"Kletchko","","Roderick","People's Party - PPC","Parti populaire - PPC",N,N,4
47007,"Regina--Lewvan","Regina--Lewvan"," 59","Regina",N,N,"",0,305,"Steinley","","Warren","Conservative","Conservateur",Y,Y,34
47007,"Regina--Lewvan","Regina--Lewvan"," 59","Regina",N,N,"",0,305,"Wright","","Michael","Green Party","Parti Vert",N,N,0
47007,"Regina--Lewvan","Regina--Lewvan"," 60","Regina",N,N,"",0,366,"Cameron","","Susan","Liberal","Libéral",N,N,12
47007,"Regina--Lewvan","Regina--Lewvan"," 60","Regina",N,N,"",0,366,"Donaldson","","Tria","NDP-New Democratic Party","NPD-Nouveau Parti démocratique",N,N,43
47007,"Regina--Lewvan","Regina--Lewvan"," 60","Regina",N,N,"",0,366,"Kletchko","","Roderick","People's Party - PPC","Parti populaire - PPC",N,N,8
47007,"Regina--Lewvan","Regina--Lewvan"," 60","Regina",N,N,"",0,366,"Steinley","","Warren","Conservative","Conservateur",Y,Y,46
47007,"Regina--Lewvan","Regina--Lewvan"," 60","Regina",N,N,"",0,366,"Wright","","Michael","Green Party","Parti Vert",N,N,1
47007,"Regina--Lewvan","Regina--Lewvan"," 61","Regina",N,N,"",0,382,"Cameron","","Susan","Liberal","Libéral",N,N,13
47007,"Regina--Lewvan","Regina--Lewvan"," 61","Regina",N,N,"",0,382,"Donaldson","","Tria","NDP-New Democratic Party","NPD-Nouveau Parti démocratique",N,N,52
47007,"Regina--Lewvan","Regina--Lewvan"," 61","Regina",N,N,"",0,382,"Kletchko","","Roderick","People's Party - PPC","Parti populaire - PPC",N,N,3
47007,"Regina--Lewvan","Regina--Lewvan"," 61","Regina",N,N,"",0,382,"Steinley","","Warren","Conservative","Conservateur",Y,Y,51
47007,"Regina--Lewvan","Regina--Lewvan"," 61","Regina",N,N,"",0,382,"Wright","","Michael","Green Party","Parti Vert",N,N,0
47007,"Regina--Lewvan","Regina--Lewvan"," 62","Regina",N,N,"",1,438,"Cameron","","Susan","Liberal","Libéral",N,N,14
47007,"Regina--Lewvan","Regina--Lewvan"," 62","Regina",N,N,"",1,438,"Donaldson","","Tria","NDP-New Democratic Party","NPD-Nouveau Parti démocratique",N,N,48
47007,"Regina--Lewvan","Regina--Lewvan"," 62","Regina",N,N,"",1,438,"Kletchko","","Roderick","People's Party - PPC","Parti populaire - PPC",N,N,6
47007,"Regina--Lewvan","Regina--Lewvan"," 62","Regina",N,N,"",1,438,"Steinley","","Warren","Conservative","Conservateur",Y,Y,70
47007,"Regina--Lewvan","Regina--Lewvan"," 62","Regina",N,N,"",1,438,"Wright","","Michael","Green Party","Parti Vert",N,N,3
47007,"Regina--Lewvan","Regina--Lewvan"," 63","Regina",N,N,"",2,347,"Cameron","","Susan","Liberal","Libéral",N,N,8
47007,"Regina--Lewvan","Regina--Lewvan"," 63","Regina",N,N,"",2,347,"Donaldson","","Tria","NDP-New Democratic Party","NPD-Nouveau Parti démocratique",N,N,64
47007,"Regina--Lewvan","Regina--Lewvan"," 63","Regina",N,N,"",2,347,"Kletchko","","Roderick","People's Party - PPC","Parti populaire - PPC",N,N,7
47007,"Regina--Lewvan","Regina--Lewvan"," 63","Regina",N,N,"",2,347,"Steinley","","Warren","Conservative","Conservateur",Y,Y,84
47007,"Regina--Lewvan","Regina--Lewvan"," 63","Regina",N,N,"",2,347,"Wright","","Michael","Green Party","Parti Vert",N,N,1
47007,"Regina--Lewvan","Regina--Lewvan"," 64","Regina",N,N,"",0,384,"Cameron","","Susan","Liberal","Libéral",N,N,9
47007,"Regina--Lewvan","Regina--Lewvan"," 64","Regina",N,N,"",0,384,"Donaldson","","Tria","NDP-New Democratic Party","NPD-Nouveau Parti démocratique",N,N,64
47007,"Regina--Lewvan","Regina--Lewvan"," 64","Regina",N,N,"",0,384,"Kletchko","","Roderick","People's Party - PPC","Parti populaire - PPC",N,N,9
47007,"Regina--Lewvan","Regina--Lewvan"," 64","Regina",N,N,"",0,384,"Steinley","","Warren","Conservative","Conservateur",Y,Y,70
47007,"Regina--Lewvan","Regina--Lewvan"," 64","Regina",N,N,"",0,384,"Wright","","Michael","Green Party","Parti Vert",N,N,4
47007,"Regina--Lewvan","Regina--Lewvan"," 65","Regina",N,N,"",0,466,"Cameron","","Susan","Liberal","Libéral",N,N,9
47007,"Regina--Lewvan","Regina--Lewvan"," 65","Regina",N,N,"",0,466,"Donaldson","","Tria","NDP-New Democratic Party","NPD-Nouveau Parti démocratique",N,N,54
47007,"Regina--Lewvan","Regina--Lewvan"," 65","Regina",N,N,"",0,466,"Kletchko","","Roderick","People's Party - PPC","Parti populaire - PPC",N,N,7
47007,"Regina--Lewvan","Regina--Lewvan"," 65","Regina",N,N,"",0,466,"Steinley","","Warren","Conservative","Conservateur",Y,Y,68
47007,"Regina--Lewvan","Regina--Lewvan"," 65","Regina",N,N,"",0,466,"Wright","","Michael","Green Party","Parti Vert",N,N,4
47007,"Regina--Lewvan","Regina--Lewvan"," 66","Regina",N,N,"",1,429,"Cameron","","Susan","Liberal","Libéral",N,N,25
47007,"Regina--Lewvan","Regina--Lewvan"," 66","Regina",N,N,"",1,429,"Donaldson","","Tria","NDP-New Democratic Party","NPD-Nouveau Parti démocratique",N,N,65
47007,"Regina--Lewvan","Regina--Lewvan"," 66","Regina",N,N,"",1,429,"Kletchko","","Roderick","People's Party - PPC","Parti populaire - PPC",N,N,11
47007,"Regina--Lewvan","Regina--Lewvan"," 66","Regina",N,N,"",1,429,"Steinley","","Warren","Conservative","Conservateur",Y,Y,61
47007,"Regina--Lewvan","Regina--Lewvan"," 66","Regina",N,N,"",1,429,"Wright","","Michael","Green Party","Parti Vert",N,N,2
47007,"Regina--Lewvan","Regina--Lewvan"," 67","Regina",N,N,"",0,461,"Cameron","","Susan","Liberal","Libéral",N,N,12
47007,"Regina--Lewvan","Regina--Lewvan"," 67","Regina",N,N,"",0,461,"Donaldson","","Tria","NDP-New Democratic Party","NPD-Nouveau Parti démocratique",N,N,63
47007,"Regina--Lewvan","Regina--Lewvan"," 67","Regina",N,N,"",0,461,"Kletchko","","Roderick","People's Party - PPC","Parti populaire - PPC",N,N,6
47007,"Regina--Lewvan","Regina--Lewvan"," 67","Regina",N,N,"",0,461,"Steinley","","Warren","Conservative","Conservateur",Y,Y,70
47007,"Regina--Lewvan","Regina--Lewvan"," 67","Regina",N,N,"",0,461,"Wright","","Michael","Green Party","Parti Vert",N,N,3
47007,"Regina--Lewvan","Regina--Lewvan"," 68","Regina",N,N,"",0,438,"Cameron","","Susan","Liberal","Libéral",N,N,5
47007,"Regina--Lewvan","Regina--Lewvan"," 68","Regina",N,N,"",0,438,"Donaldson","","Tria","NDP-New Democratic Party","NPD-Nouveau Parti démocratique",N,N,57
47007,"Regina--Lewvan","Regina--Lewvan"," 68","Regina",N,N,"",0,438,"Kletchko","","Roderick","People's Party - PPC","Parti populaire - PPC",N,N,8
47007,"Regina--Lewvan","Regina--Lewvan"," 68","Regina",N,N,"",0,438,"Steinley","","Warren","Conservative","Conservateur",Y,Y,46
47007,"Regina--Lewvan","Regina--Lewvan"," 68","Regina",N,N,"",0,438,"Wright","","Michael","Green Party","Parti Vert",N,N,2
47007,"Regina--Lewvan","Regina--Lewvan"," 69","Regina",N,N,"",0,437,"Cameron","","Susan","Liberal","Libéral",N,N,12
47007,"Regina--Lewvan","Regina--Lewvan"," 69","Regina",N,N,"",0,437,"Donaldson","","Tria","NDP-New Democratic Party","NPD-Nouveau Parti démocratique",N,N,60
47007,"Regina--Lewvan","Regina--Lewvan"," 69","Regina",N,N,"",0,437,"Kletchko","","Roderick","People's Party - PPC","Parti populaire - PPC",N,N,14
47007,"Regina--Lewvan","Regina--Lewvan"," 69","Regina",N,N,"",0,437,"Steinley","","Warren","Conservative","Conservateur",Y,Y,69
47007,"Regina--Lewvan","Regina--Lewvan"," 69","Regina",N,N,"",0,437,"Wright","","Michael","Green Party","Parti Vert",N,N,4
47007,"Regina--Lewvan","Regina--Lewvan"," 70","Regina",N,N,"",2,392,"Cameron","","Susan","Liberal","Libéral",N,N,18
47007,"Regina--Lewvan","Regina--Lewvan"," 70","Regina",N,N,"",2,392,"Donaldson","","Tria","NDP-New Democratic Party","NPD-Nouveau Parti démocratique",N,N,59
47007,"Regina--Lewvan","Regina--Lewvan"," 70","Regina",N,N,"",2,392,"Kletchko","","Roderick","People's Party - PPC","Parti populaire - PPC",N,N,9
47007,"Regina--Lewvan","Regina--Lewvan"," 70","Regina",N,N,"",2,392,"Steinley","","Warren","Conservative","Conservateur",Y,Y,90
47007,"Regina--Lewvan","Regina--Lewvan"," 70","Regina",N,N,"",2,392,"Wright","","Michael","Green Party","Parti Vert",N,N,4
47007,"Regina--Lewvan","Regina--Lewvan"," 71","Regina",N,N,"",1,351,"Cameron","","Susan","Liberal","Libéral",N,N,7
47007,"Regina--Lewvan","Regina--Lewvan"," 71","Regina",N,N,"",1,351,"Donaldson","","Tria","NDP-New Democratic Party","NPD-Nouveau Parti démocratique",N,N,46
47007,"Regina--Lewvan","Regina--Lewvan"," 71","Regina",N,N,"",1,351,"Kletchko","","Roderick","People's Party - PPC","Parti populaire - PPC",N,N,2
47007,"Regina--Lewvan","Regina--Lewvan"," 71","Regina",N,N,"",1,351,"Steinley","","Warren","Conservative","Conservateur",Y,Y,58
47007,"Regina--Lewvan","Regina--Lewvan"," 71","Regina",N,N,"",1,351,"Wright","","Michael","Green Party","Parti Vert",N,N,0
47007,"Regina--Lewvan","Regina--Lewvan"," 72","Regina",N,N,"",2,411,"Cameron","","Susan","Liberal","Libéral",N,N,15
47007,"Regina--Lewvan","Regina--Lewvan"," 72","Regina",N,N,"",2,411,"Donaldson","","Tria","NDP-New Democratic Party","NPD-Nouveau Parti démocratique",N,N,43
47007,"Regina--Lewvan","Regina--Lewvan"," 72","Regina",N,N,"",2,411,"Kletchko","","Roderick","People's Party - PPC","Parti populaire - PPC",N,N,9
47007,"Regina--Lewvan","Regina--Lewvan"," 72","Regina",N,N,"",2,411,"Steinley","","Warren","Conservative","Conservateur",Y,Y,52
47007,"Regina--Lewvan","Regina--Lewvan"," 72","Regina",N,N,"",2,411,"Wright","","Michael","Green Party","Parti Vert",N,N,0
47007,"Regina--Lewvan","Regina--Lewvan"," 73","Regina",N,N,"",1,327,"Cameron","","Susan","Liberal","Libéral",N,N,9
47007,"Regina--Lewvan","Regina--Lewvan"," 73","Regina",N,N,"",1,327,"Donaldson","","Tria","NDP-New Democratic Party","NPD-Nouveau Parti démocratique",N,N,37
47007,"Regina--Lewvan","Regina--Lewvan"," 73","Regina",N,N,"",1,327,"Kletchko","","Roderick","People's Party - PPC","Parti populaire - PPC",N,N,8
47007,"Regina--Lewvan","Regina--Lewvan"," 73","Regina",N,N,"",1,327,"Steinley","","Warren","Conservative","Conservateur",Y,Y,44
47007,"Regina--Lewvan","Regina--Lewvan"," 73","Regina",N,N,"",1,327,"Wright","","Michael","Green Party","Parti Vert",N,N,2
47007,"Regina--Lewvan","Regina--Lewvan"," 74","Regina",N,N,"",1,347,"Cameron","","Susan","Liberal","Libéral",N,N,15
47007,"Regina--Lewvan","Regina--Lewvan"," 74","Regina",N,N,"",1,347,"Donaldson","","Tria","NDP-New Democratic Party","NPD-Nouveau Parti démocratique",N,N,69
47007,"Regina--Lewvan","Regina--Lewvan"," 74","Regina",N,N,"",1,347,"Kletchko","","Roderick","People's Party - PPC","Parti populaire - PPC",N,N,8
47007,"Regina--Lewvan","Regina--Lewvan"," 74","Regina",N,N,"",1,347,"Steinley","","Warren","Conservative","Conservateur",Y,Y,80
47007,"Regina--Lewvan","Regina--Lewvan"," 74","Regina",N,N,"",1,347,"Wright","","Michael","Green Party","Parti Vert",N,N,0
47007,"Regina--Lewvan","Regina--Lewvan"," 75","Regina",N,N,"",0,342,"Cameron","","Susan","Liberal","Libéral",N,N,15
47007,"Regina--Lewvan","Regina--Lewvan"," 75","Regina",N,N,"",0,342,"Donaldson","","Tria","NDP-New Democratic Party","NPD-Nouveau Parti démocratique",N,N,60
47007,"Regina--Lewvan","Regina--Lewvan"," 75","Regina",N,N,"",0,342,"Kletchko","","Roderick","People's Party - PPC","Parti populaire - PPC",N,N,8
47007,"Regina--Lewvan","Regina--Lewvan"," 75","Regina",N,N,"",0,342,"Steinley","","Warren","Conservative","Conservateur",Y,Y,95
47007,"Regina--Lewvan","Regina--Lewvan"," 75","Regina",N,N,"",0,342,"Wright","","Michael","Green Party","Parti Vert",N,N,0
47007,"Regina--Lewvan","Regina--Lewvan"," 76","Regina",N,N,"",0,399,"Cameron","","Susan","Liberal","Libéral",N,N,10
47007,"Regina--Lewvan","Regina--Lewvan"," 76","Regina",N,N,"",0,399,"Donaldson","","Tria","NDP-New Democratic Party","NPD-Nouveau Parti démocratique",N,N,53
47007,"Regina--Lewvan","Regina--Lewvan"," 76","Regina",N,N,"",0,399,"Kletchko","","Roderick","People's Party - PPC","Parti populaire - PPC",N,N,5
47007,"Regina--Lewvan","Regina--Lewvan"," 76","Regina",N,N,"",0,399,"Steinley","","Warren","Conservative","Conservateur",Y,Y,72
47007,"Regina--Lewvan","Regina--Lewvan"," 76","Regina",N,N,"",0,399,"Wright","","Michael","Green Party","Parti Vert",N,N,1
47007,"Regina--Lewvan","Regina--Lewvan"," 77","Regina",N,N,"",0,465,"Cameron","","Susan","Liberal","Libéral",N,N,22
47007,"Regina--Lewvan","Regina--Lewvan"," 77","Regina",N,N,"",0,465,"Donaldson","","Tria","NDP-New Democratic Party","NPD-Nouveau Parti démocratique",N,N,44
47007,"Regina--Lewvan","Regina--Lewvan"," 77","Regina",N,N,"",0,465,"Kletchko","","Roderick","People's Party - PPC","Parti populaire - PPC",N,N,7
47007,"Regina--Lewvan","Regina--Lewvan"," 77","Regina",N,N,"",0,465,"Steinley","","Warren","Conservative","Conservateur",Y,Y,76
47007,"Regina--Lewvan","Regina--Lewvan"," 77","Regina",N,N,"",0,465,"Wright","","Michael","Green Party","Parti Vert",N,N,3
47007,"Regina--Lewvan","Regina--Lewvan"," 78","Regina",N,N,"",1,396,"Cameron","","Susan","Liberal","Libéral",N,N,11
47007,"Regina--Lewvan","Regina--Lewvan"," 78","Regina",N,N,"",1,396,"Donaldson","","Tria","NDP-New Democratic Party","NPD-Nouveau Parti démocratique",N,N,59
47007,"Regina--Lewvan","Regina--Lewvan"," 78","Regina",N,N,"",1,396,"Kletchko","","Roderick","People's Party - PPC","Parti populaire - PPC",N,N,5
47007,"Regina--Lewvan","Regina--Lewvan"," 78","Regina",N,N,"",1,396,"Steinley","","Warren","Conservative","Conservateur",Y,Y,58
47007,"Regina--Lewvan","Regina--Lewvan"," 78","Regina",N,N,"",1,396,"Wright","","Michael","Green Party","Parti Vert",N,N,2
47007,"Regina--Lewvan","Regina--Lewvan"," 79","Regina",N,N,"",1,380,"Cameron","","Susan","Liberal","Libéral",N,N,13
47007,"Regina--Lewvan","Regina--Lewvan"," 79","Regina",N,N,"",1,380,"Donaldson","","Tria","NDP-New Democratic Party","NPD-Nouveau Parti démocratique",N,N,60
47007,"Regina--Lewvan","Regina--Lewvan"," 79","Regina",N,N,"",1,380,"Kletchko","","Roderick","People's Party - PPC","Parti populaire - PPC",N,N,9
47007,"Regina--Lewvan","Regina--Lewvan"," 79","Regina",N,N,"",1,380,"Steinley","","Warren","Conservative","Conservateur",Y,Y,105
47007,"Regina--Lewvan","Regina--Lewvan"," 79","Regina",N,N,"",1,380,"Wright","","Michael","Green Party","Parti Vert",N,N,1
47007,"Regina--Lewvan","Regina--Lewvan"," 80","Regina",N,N,"",0,337,"Cameron","","Susan","Liberal","Libéral",N,N,20
47007,"Regina--Lewvan","Regina--Lewvan"," 80","Regina",N,N,"",0,337,"Donaldson","","Tria","NDP-New Democratic Party","NPD-Nouveau Parti démocratique",N,N,63
47007,"Regina--Lewvan","Regina--Lewvan"," 80","Regina",N,N,"",0,337,"Kletchko","","Roderick","People's Party - PPC","Parti populaire - PPC",N,N,6
47007,"Regina--Lewvan","Regina--Lewvan"," 80","Regina",N,N,"",0,337,"Steinley","","Warren","Conservative","Conservateur",Y,Y,52
47007,"Regina--Lewvan","Regina--Lewvan"," 80","Regina",N,N,"",0,337,"Wright","","Michael","Green Party","Parti Vert",N,N,5
47007,"Regina--Lewvan","Regina--Lewvan"," 81","Regina",N,N,"",1,394,"Cameron","","Susan","Liberal","Libéral",N,N,14
47007,"Regina--Lewvan","Regina--Lewvan"," 81","Regina",N,N,"",1,394,"Donaldson","","Tria","NDP-New Democratic Party","NPD-Nouveau Parti démocratique",N,N,36
47007,"Regina--Lewvan","Regina--Lewvan"," 81","Regina",N,N,"",1,394,"Kletchko","","Roderick","People's Party - PPC","Parti populaire - PPC",N,N,14
47007,"Regina--Lewvan","Regina--Lewvan"," 81","Regina",N,N,"",1,394,"Steinley","","Warren","Conservative","Conservateur",Y,Y,96
47007,"Regina--Lewvan","Regina--Lewvan"," 81","Regina",N,N,"",1,394,"Wright","","Michael","Green Party","Parti Vert",N,N,4
47007,"Regina--Lewvan","Regina--Lewvan"," 82","Regina",N,N,"",0,423,"Cameron","","Susan","Liberal","Libéral",N,N,16
47007,"Regina--Lewvan","Regina--Lewvan"," 82","Regina",N,N,"",0,423,"Donaldson","","Tria","NDP-New Democratic Party","NPD-Nouveau Parti démocratique",N,N,62
47007,"Regina--Lewvan","Regina--Lewvan"," 82","Regina",N,N,"",0,423,"Kletchko","","Roderick","People's Party - PPC","Parti populaire - PPC",N,N,15
47007,"Regina--Lewvan","Regina--Lewvan"," 82","Regina",N,N,"",0,423,"Steinley","","Warren","Conservative","Conservateur",Y,Y,81
47007,"Regina--Lewvan","Regina--Lewvan"," 82","Regina",N,N,"",0,423,"Wright","","Michael","Green Party","Parti Vert",N,N,4
47007,"Regina--Lewvan","Regina--Lewvan"," 83","Regina",N,N,"",0,554,"Cameron","","Susan","Liberal","Libéral",N,N,15
47007,"Regina--Lewvan","Regina--Lewvan"," 83","Regina",N,N,"",0,554,"Donaldson","","Tria","NDP-New Democratic Party","NPD-Nouveau Parti démocratique",N,N,62
47007,"Regina--Lewvan","Regina--Lewvan"," 83","Regina",N,N,"",0,554,"Kletchko","","Roderick","People's Party - PPC","Parti populaire - PPC",N,N,4
47007,"Regina--Lewvan","Regina--Lewvan"," 83","Regina",N,N,"",0,554,"Steinley","","Warren","Conservative","Conservateur",Y,Y,71
47007,"Regina--Lewvan","Regina--Lewvan"," 83","Regina",N,N,"",0,554,"Wright","","Michael","Green Party","Parti Vert",N,N,2
47007,"Regina--Lewvan","Regina--Lewvan"," 84","Regina",N,N,"",0,422,"Cameron","","Susan","Liberal","Libéral",N,N,22
47007,"Regina--Lewvan","Regina--Lewvan"," 84","Regina",N,N,"",0,422,"Donaldson","","Tria","NDP-New Democratic Party","NPD-Nouveau Parti démocratique",N,N,45
47007,"Regina--Lewvan","Regina--Lewvan"," 84","Regina",N,N,"",0,422,"Kletchko","","Roderick","People's Party - PPC","Parti populaire - PPC",N,N,8
47007,"Regina--Lewvan","Regina--Lewvan"," 84","Regina",N,N,"",0,422,"Steinley","","Warren","Conservative","Conservateur",Y,Y,44
47007,"Regina--Lewvan","Regina--Lewvan"," 84","Regina",N,N,"",0,422,"Wright","","Michael","Green Party","Parti Vert",N,N,1
47007,"Regina--Lewvan","Regina--Lewvan"," 85","Regina",N,N,"",1,414,"Cameron","","Susan","Liberal","Libéral",N,N,15
47007,"Regina--Lewvan","Regina--Lewvan"," 85","Regina",N,N,"",1,414,"Donaldson","","Tria","NDP-New Democratic Party","NPD-Nouveau Parti démocratique",N,N,50
47007,"Regina--Lewvan","Regina--Lewvan"," 85","Regina",N,N,"",1,414,"Kletchko","","Roderick","People's Party - PPC","Parti populaire - PPC",N,N,5
47007,"Regina--Lewvan","Regina--Lewvan"," 85","Regina",N,N,"",1,414,"Steinley","","Warren","Conservative","Conservateur",Y,Y,64
47007,"Regina--Lewvan","Regina--Lewvan"," 85","Regina",N,N,"",1,414,"Wright","","Michael","Green Party","Parti Vert",N,N,5
47007,"Regina--Lewvan","Regina--Lewvan"," 86","Regina",N,N,"",1,457,"Cameron","","Susan","Liberal","Libéral",N,N,11
47007,"Regina--Lewvan","Regina--Lewvan"," 86","Regina",N,N,"",1,457,"Donaldson","","Tria","NDP-New Democratic Party","NPD-Nouveau Parti démocratique",N,N,51
47007,"Regina--Lewvan","Regina--Lewvan"," 86","Regina",N,N,"",1,457,"Kletchko","","Roderick","People's Party - PPC","Parti populaire - PPC",N,N,13
47007,"Regina--Lewvan","Regina--Lewvan"," 86","Regina",N,N,"",1,457,"Steinley","","Warren","Conservative","Conservateur",Y,Y,55
47007,"Regina--Lewvan","Regina--Lewvan"," 86","Regina",N,N,"",1,457,"Wright","","Michael","Green Party","Parti Vert",N,N,4
47007,"Regina--Lewvan","Regina--Lewvan"," 87","Regina",N,N,"",0,392,"Cameron","","Susan","Liberal","Libéral",N,N,22
47007,"Regina--Lewvan","Regina--Lewvan"," 87","Regina",N,N,"",0,392,"Donaldson","","Tria","NDP-New Democratic Party","NPD-Nouveau Parti démocratique",N,N,48
47007,"Regina--Lewvan","Regina--Lewvan"," 87","Regina",N,N,"",0,392,"Kletchko","","Roderick","People's Party - PPC","Parti populaire - PPC",N,N,6
47007,"Regina--Lewvan","Regina--Lewvan"," 87","Regina",N,N,"",0,392,"Steinley","","Warren","Conservative","Conservateur",Y,Y,54
47007,"Regina--Lewvan","Regina--Lewvan"," 87","Regina",N,N,"",0,392,"Wright","","Michael","Green Party","Parti Vert",N,N,2
47007,"Regina--Lewvan","Regina--Lewvan"," 88","Regina",N,N,"",1,349,"Cameron","","Susan","Liberal","Libéral",N,N,19
47007,"Regina--Lewvan","Regina--Lewvan"," 88","Regina",N,N,"",1,349,"Donaldson","","Tria","NDP-New Democratic Party","NPD-Nouveau Parti démocratique",N,N,46
47007,"Regina--Lewvan","Regina--Lewvan"," 88","Regina",N,N,"",1,349,"Kletchko","","Roderick","People's Party - PPC","Parti populaire - PPC",N,N,8
47007,"Regina--Lewvan","Regina--Lewvan"," 88","Regina",N,N,"",1,349,"Steinley","","Warren","Conservative","Conservateur",Y,Y,62
47007,"Regina--Lewvan","Regina--Lewvan"," 88","Regina",N,N,"",1,349,"Wright","","Michael","Green Party","Parti Vert",N,N,3
47007,"Regina--Lewvan","Regina--Lewvan"," 89","Regina",N,N,"",0,429,"Cameron","","Susan","Liberal","Libéral",N,N,20
47007,"Regina--Lewvan","Regina--Lewvan"," 89","Regina",N,N,"",0,429,"Donaldson","","Tria","NDP-New Democratic Party","NPD-Nouveau Parti démocratique",N,N,58
47007,"Regina--Lewvan","Regina--Lewvan"," 89","Regina",N,N,"",0,429,"Kletchko","","Roderick","People's Party - PPC","Parti populaire - PPC",N,N,10
47007,"Regina--Lewvan","Regina--Lewvan"," 89","Regina",N,N,"",0,429,"Steinley","","Warren","Conservative","Conservateur",Y,Y,60
47007,"Regina--Lewvan","Regina--Lewvan"," 89","Regina",N,N,"",0,429,"Wright","","Michael","Green Party","Parti Vert",N,N,1
47007,"Regina--Lewvan","Regina--Lewvan"," 90","Regina",N,N,"",1,327,"Cameron","","Susan","Liberal","Libéral",N,N,13
47007,"Regina--Lewvan","Regina--Lewvan"," 90","Regina",N,N,"",1,327,"Donaldson","","Tria","NDP-New Democratic Party","NPD-Nouveau Parti démocratique",N,N,50
47007,"Regina--Lewvan","Regina--Lewvan"," 90","Regina",N,N,"",1,327,"Kletchko","","Roderick","People's Party - PPC","Parti populaire - PPC",N,N,5
47007,"Regina--Lewvan","Regina--Lewvan"," 90","Regina",N,N,"",1,327,"Steinley","","Warren","Conservative","Conservateur",Y,Y,43
47007,"Regina--Lewvan","Regina--Lewvan"," 90","Regina",N,N,"",1,327,"Wright","","Michael","Green Party","Parti Vert",N,N,1
47007,"Regina--Lewvan","Regina--Lewvan"," 91","Regina",N,N,"",0,398,"Cameron","","Susan","Liberal","Libéral",N,N,15
47007,"Regina--Lewvan","Regina--Lewvan"," 91","Regina",N,N,"",0,398,"Donaldson","","Tria","NDP-New Democratic Party","NPD-Nouveau Parti démocratique",N,N,55
47007,"Regina--Lewvan","Regina--Lewvan"," 91","Regina",N,N,"",0,398,"Kletchko","","Roderick","People's Party - PPC","Parti populaire - PPC",N,N,12
47007,"Regina--Lewvan","Regina--Lewvan"," 91","Regina",N,N,"",0,398,"Steinley","","Warren","Conservative","Conservateur",Y,Y,38
47007,"Regina--Lewvan","Regina--Lewvan"," 91","Regina",N,N,"",0,398,"Wright","","Michael","Green Party","Parti Vert",N,N,3
47007,"Regina--Lewvan","Regina--Lewvan"," 92","Regina",N,N,"",0,384,"Cameron","","Susan","Liberal","Libéral",N,N,8
47007,"Regina--Lewvan","Regina--Lewvan"," 92","Regina",N,N,"",0,384,"Donaldson","","Tria","NDP-New Democratic Party","NPD-Nouveau Parti démocratique",N,N,53
47007,"Regina--Lewvan","Regina--Lewvan"," 92","Regina",N,N,"",0,384,"Kletchko","","Roderick","People's Party - PPC","Parti populaire - PPC",N,N,2
47007,"Regina--Lewvan","Regina--Lewvan"," 92","Regina",N,N,"",0,384,"Steinley","","Warren","Conservative","Conservateur",Y,Y,36
47007,"Regina--Lewvan","Regina--Lewvan"," 92","Regina",N,N,"",0,384,"Wright","","Michael","Green Party","Parti Vert",N,N,2
47007,"Regina--Lewvan","Regina--Lewvan"," 93","Regina",N,N,"",0,462,"Cameron","","Susan","Liberal","Libéral",N,N,7
47007,"Regina--Lewvan","Regina--Lewvan"," 93","Regina",N,N,"",0,462,"Donaldson","","Tria","NDP-New Democratic Party","NPD-Nouveau Parti démocratique",N,N,65
47007,"Regina--Lewvan","Regina--Lewvan"," 93","Regina",N,N,"",0,462,"Kletchko","","Roderick","People's Party - PPC","Parti populaire - PPC",N,N,11
47007,"Regina--Lewvan","Regina--Lewvan"," 93","Regina",N,N,"",0,462,"Steinley","","Warren","Conservative","Conservateur",Y,Y,65
47007,"Regina--Lewvan","Regina--Lewvan"," 93","Regina",N,N,"",0,462,"Wright","","Michael","Green Party","Parti Vert",N,N,0
47007,"Regina--Lewvan","Regina--Lewvan"," 94","Regina",N,N,"",1,399,"Cameron","","Susan","Liberal","Libéral",N,N,7
47007,"Regina--Lewvan","Regina--Lewvan"," 94","Regina",N,N,"",1,399,"Donaldson","","Tria","NDP-New Democratic Party","NPD-Nouveau Parti démocratique",N,N,54
47007,"Regina--Lewvan","Regina--Lewvan"," 94","Regina",N,N,"",1,399,"Kletchko","","Roderick","People's Party - PPC","Parti populaire - PPC",N,N,9
47007,"Regina--Lewvan","Regina--Lewvan"," 94","Regina",N,N,"",1,399,"Steinley","","Warren","Conservative","Conservateur",Y,Y,48
47007,"Regina--Lewvan","Regina--Lewvan"," 94","Regina",N,N,"",1,399,"Wright","","Michael","Green Party","Parti Vert",N,N,2
47007,"Regina--Lewvan","Regina--Lewvan"," 95A","Regina",N,N,"",0,443,"Cameron","","Susan","Liberal","Libéral",N,N,17
47007,"Regina--Lewvan","Regina--Lewvan"," 95A","Regina",N,N,"",0,443,"Donaldson","","Tria","NDP-New Democratic Party","NPD-Nouveau Parti démocratique",N,N,52
47007,"Regina--Lewvan","Regina--Lewvan"," 95A","Regina",N,N,"",0,443,"Kletchko","","Roderick","People's Party - PPC","Parti populaire - PPC",N,N,11
47007,"Regina--Lewvan","Regina--Lewvan"," 95A","Regina",N,N,"",0,443,"Steinley","","Warren","Conservative","Conservateur",Y,Y,59
47007,"Regina--Lewvan","Regina--Lewvan"," 95A","Regina",N,N,"",0,443,"Wright","","Michael","Green Party","Parti Vert",N,N,5
47007,"Regina--Lewvan","Regina--Lewvan"," 95B","Regina",N,N,"",0,465,"Cameron","","Susan","Liberal","Libéral",N,N,17
47007,"Regina--Lewvan","Regina--Lewvan"," 95B","Regina",N,N,"",0,465,"Donaldson","","Tria","NDP-New Democratic Party","NPD-Nouveau Parti démocratique",N,N,51
47007,"Regina--Lewvan","Regina--Lewvan"," 95B","Regina",N,N,"",0,465,"Kletchko","","Roderick","People's Party - PPC","Parti populaire - PPC",N,N,16
47007,"Regina--Lewvan","Regina--Lewvan"," 95B","Regina",N,N,"",0,465,"Steinley","","Warren","Conservative","Conservateur",Y,Y,67
47007,"Regina--Lewvan","Regina--Lewvan"," 95B","Regina",N,N,"",0,465,"Wright","","Michael","Green Party","Parti Vert",N,N,0
47007,"Regina--Lewvan","Regina--Lewvan"," 96","Regina",N,N,"",1,160,"Cameron","","Susan","Liberal","Libéral",N,N,5
47007,"Regina--Lewvan","Regina--Lewvan"," 96","Regina",N,N,"",1,160,"Donaldson","","Tria","NDP-New Democratic Party","NPD-Nouveau Parti démocratique",N,N,17
47007,"Regina--Lewvan","Regina--Lewvan"," 96","Regina",N,N,"",1,160,"Kletchko","","Roderick","People's Party - PPC","Parti populaire - PPC",N,N,0
47007,"Regina--Lewvan","Regina--Lewvan"," 96","Regina",N,N,"",1,160,"Steinley","","Warren","Conservative","Conservateur",Y,Y,12
47007,"Regina--Lewvan","Regina--Lewvan"," 96","Regina",N,N,"",1,160,"Wright","","Michael","Green Party","Parti Vert",N,N,1
47007,"Regina--Lewvan","Regina--Lewvan"," 97","Regina",N,N,"",0,452,"Cameron","","Susan","Liberal","Libéral",N,N,14
47007,"Regina--Lewvan","Regina--Lewvan"," 97","Regina",N,N,"",0,452,"Donaldson","","Tria","NDP-New Democratic Party","NPD-Nouveau Parti démocratique",N,N,52
47007,"Regina--Lewvan","Regina--Lewvan"," 97","Regina",N,N,"",0,452,"Kletchko","","Roderick","People's Party - PPC","Parti populaire - PPC",N,N,11
47007,"Regina--Lewvan","Regina--Lewvan"," 97","Regina",N,N,"",0,452,"Steinley","","Warren","Conservative","Conservateur",Y,Y,47
47007,"Regina--Lewvan","Regina--Lewvan"," 97","Regina",N,N,"",0,452,"Wright","","Michael","Green Party","Parti Vert",N,N,2
47007,"Regina--Lewvan","Regina--Lewvan"," 98","Regina",N,N,"",0,382,"Cameron","","Susan","Liberal","Libéral",N,N,11
47007,"Regina--Lewvan","Regina--Lewvan"," 98","Regina",N,N,"",0,382,"Donaldson","","Tria","NDP-New Democratic Party","NPD-Nouveau Parti démocratique",N,N,75
47007,"Regina--Lewvan","Regina--Lewvan"," 98","Regina",N,N,"",0,382,"Kletchko","","Roderick","People's Party - PPC","Parti populaire - PPC",N,N,10
47007,"Regina--Lewvan","Regina--Lewvan"," 98","Regina",N,N,"",0,382,"Steinley","","Warren","Conservative","Conservateur",Y,Y,24
47007,"Regina--Lewvan","Regina--Lewvan"," 98","Regina",N,N,"",0,382,"Wright","","Michael","Green Party","Parti Vert",N,N,7
47007,"Regina--Lewvan","Regina--Lewvan"," 99","Regina",N,N,"",0,375,"Cameron","","Susan","Liberal","Libéral",N,N,10
47007,"Regina--Lewvan","Regina--Lewvan"," 99","Regina",N,N,"",0,375,"Donaldson","","Tria","NDP-New Democratic Party","NPD-Nouveau Parti démocratique",N,N,73
47007,"Regina--Lewvan","Regina--Lewvan"," 99","Regina",N,N,"",0,375,"Kletchko","","Roderick","People's Party - PPC","Parti populaire - PPC",N,N,7
47007,"Regina--Lewvan","Regina--Lewvan"," 99","Regina",N,N,"",0,375,"Steinley","","Warren","Conservative","Conservateur",Y,Y,26
47007,"Regina--Lewvan","Regina--Lewvan"," 99","Regina",N,N,"",0,375,"Wright","","Michael","Green Party","Parti Vert",N,N,3
47007,"Regina--Lewvan","Regina--Lewvan"," 100","Regina",N,N,"",0,372,"Cameron","","Susan","Liberal","Libéral",N,N,11
47007,"Regina--Lewvan","Regina--Lewvan"," 100","Regina",N,N,"",0,372,"Donaldson","","Tria","NDP-New Democratic Party","NPD-Nouveau Parti démocratique",N,N,66
47007,"Regina--Lewvan","Regina--Lewvan"," 100","Regina",N,N,"",0,372,"Kletchko","","Roderick","People's Party - PPC","Parti populaire - PPC",N,N,4
47007,"Regina--Lewvan","Regina--Lewvan"," 100","Regina",N,N,"",0,372,"Steinley","","Warren","Conservative","Conservateur",Y,Y,26
47007,"Regina--Lewvan","Regina--Lewvan"," 100","Regina",N,N,"",0,372,"Wright","","Michael","Green Party","Parti Vert",N,N,6
47007,"Regina--Lewvan","Regina--Lewvan"," 101","Regina",N,N,"",0,361,"Cameron","","Susan","Liberal","Libéral",N,N,10
47007,"Regina--Lewvan","Regina--Lewvan"," 101","Regina",N,N,"",0,361,"Donaldson","","Tria","NDP-New Democratic Party","NPD-Nouveau Parti démocratique",N,N,57
47007,"Regina--Lewvan","Regina--Lewvan"," 101","Regina",N,N,"",0,361,"Kletchko","","Roderick","People's Party - PPC","Parti populaire - PPC",N,N,2
47007,"Regina--Lewvan","Regina--Lewvan"," 101","Regina",N,N,"",0,361,"Steinley","","Warren","Conservative","Conservateur",Y,Y,20
47007,"Regina--Lewvan","Regina--Lewvan"," 101","Regina",N,N,"",0,361,"Wright","","Michael","Green Party","Parti Vert",N,N,2
47007,"Regina--Lewvan","Regina--Lewvan"," 102","Regina",N,N,"",0,339,"Cameron","","Susan","Liberal","Libéral",N,N,22
47007,"Regina--Lewvan","Regina--Lewvan"," 102","Regina",N,N,"",0,339,"Donaldson","","Tria","NDP-New Democratic Party","NPD-Nouveau Parti démocratique",N,N,71
47007,"Regina--Lewvan","Regina--Lewvan"," 102","Regina",N,N,"",0,339,"Kletchko","","Roderick","People's Party - PPC","Parti populaire - PPC",N,N,1
47007,"Regina--Lewvan","Regina--Lewvan"," 102","Regina",N,N,"",0,339,"Steinley","","Warren","Conservative","Conservateur",Y,Y,33
47007,"Regina--Lewvan","Regina--Lewvan"," 102","Regina",N,N,"",0,339,"Wright","","Michael","Green Party","Parti Vert",N,N,1
47007,"Regina--Lewvan","Regina--Lewvan"," 103","Regina",N,N,"",0,348,"Cameron","","Susan","Liberal","Libéral",N,N,13
47007,"Regina--Lewvan","Regina--Lewvan"," 103","Regina",N,N,"",0,348,"Donaldson","","Tria","NDP-New Democratic Party","NPD-Nouveau Parti démocratique",N,N,59
47007,"Regina--Lewvan","Regina--Lewvan"," 103","Regina",N,N,"",0,348,"Kletchko","","Roderick","People's Party - PPC","Parti populaire - PPC",N,N,6
47007,"Regina--Lewvan","Regina--Lewvan"," 103","Regina",N,N,"",0,348,"Steinley","","Warren","Conservative","Conservateur",Y,Y,13
47007,"Regina--Lewvan","Regina--Lewvan"," 103","Regina",N,N,"",0,348,"Wright","","Michael","Green Party","Parti Vert",N,N,4
47007,"Regina--Lewvan","Regina--Lewvan"," 104","Regina",N,N,"",0,410,"Cameron","","Susan","Liberal","Libéral",N,N,19
47007,"Regina--Lewvan","Regina--Lewvan"," 104","Regina",N,N,"",0,410,"Donaldson","","Tria","NDP-New Democratic Party","NPD-Nouveau Parti démocratique",N,N,62
47007,"Regina--Lewvan","Regina--Lewvan"," 104","Regina",N,N,"",0,410,"Kletchko","","Roderick","People's Party - PPC","Parti populaire - PPC",N,N,4
47007,"Regina--Lewvan","Regina--Lewvan"," 104","Regina",N,N,"",0,410,"Steinley","","Warren","Conservative","Conservateur",Y,Y,24
47007,"Regina--Lewvan","Regina--Lewvan"," 104","Regina",N,N,"",0,410,"Wright","","Michael","Green Party","Parti Vert",N,N,5
47007,"Regina--Lewvan","Regina--Lewvan"," 105","Regina",N,N,"",0,432,"Cameron","","Susan","Liberal","Libéral",N,N,18
47007,"Regina--Lewvan","Regina--Lewvan"," 105","Regina",N,N,"",0,432,"Donaldson","","Tria","NDP-New Democratic Party","NPD-Nouveau Parti démocratique",N,N,72
47007,"Regina--Lewvan","Regina--Lewvan"," 105","Regina",N,N,"",0,432,"Kletchko","","Roderick","People's Party - PPC","Parti populaire - PPC",N,N,4
47007,"Regina--Lewvan","Regina--Lewvan"," 105","Regina",N,N,"",0,432,"Steinley","","Warren","Conservative","Conservateur",Y,Y,50
47007,"Regina--Lewvan","Regina--Lewvan"," 105","Regina",N,N,"",0,432,"Wright","","Michael","Green Party","Parti Vert",N,N,1
47007,"Regina--Lewvan","Regina--Lewvan"," 106","Regina",N,N,"",0,476,"Cameron","","Susan","Liberal","Libéral",N,N,25
47007,"Regina--Lewvan","Regina--Lewvan"," 106","Regina",N,N,"",0,476,"Donaldson","","Tria","NDP-New Democratic Party","NPD-Nouveau Parti démocratique",N,N,117
47007,"Regina--Lewvan","Regina--Lewvan"," 106","Regina",N,N,"",0,476,"Kletchko","","Roderick","People's Party - PPC","Parti populaire - PPC",N,N,7
47007,"Regina--Lewvan","Regina--Lewvan"," 106","Regina",N,N,"",0,476,"Steinley","","Warren","Conservative","Conservateur",Y,Y,50
47007,"Regina--Lewvan","Regina--Lewvan"," 106","Regina",N,N,"",0,476,"Wright","","Michael","Green Party","Parti Vert",N,N,5
47007,"Regina--Lewvan","Regina--Lewvan"," 107","Regina",N,N,"",0,500,"Cameron","","Susan","Liberal","Libéral",N,N,16
47007,"Regina--Lewvan","Regina--Lewvan"," 107","Regina",N,N,"",0,500,"Donaldson","","Tria","NDP-New Democratic Party","NPD-Nouveau Parti démocratique",N,N,82
47007,"Regina--Lewvan","Regina--Lewvan"," 107","Regina",N,N,"",0,500,"Kletchko","","Roderick","People's Party - PPC","Parti populaire - PPC",N,N,12
47007,"Regina--Lewvan","Regina--Lewvan"," 107","Regina",N,N,"",0,500,"Steinley","","Warren","Conservative","Conservateur",Y,Y,50
47007,"Regina--Lewvan","Regina--Lewvan"," 107","Regina",N,N,"",0,500,"Wright","","Michael","Green Party","Parti Vert",N,N,2
47007,"Regina--Lewvan","Regina--Lewvan"," 108","Regina",N,N,"",0,437,"Cameron","","Susan","Liberal","Libéral",N,N,13
47007,"Regina--Lewvan","Regina--Lewvan"," 108","Regina",N,N,"",0,437,"Donaldson","","Tria","NDP-New Democratic Party","NPD-Nouveau Parti démocratique",N,N,81
47007,"Regina--Lewvan","Regina--Lewvan"," 108","Regina",N,N,"",0,437,"Kletchko","","Roderick","People's Party - PPC","Parti populaire - PPC",N,N,1
47007,"Regina--Lewvan","Regina--Lewvan"," 108","Regina",N,N,"",0,437,"Steinley","","Warren","Conservative","Conservateur",Y,Y,31
47007,"Regina--Lewvan","Regina--Lewvan"," 108","Regina",N,N,"",0,437,"Wright","","Michael","Green Party","Parti Vert",N,N,1
47007,"Regina--Lewvan","Regina--Lewvan"," 109","Regina",N,N,"",0,363,"Cameron","","Susan","Liberal","Libéral",N,N,11
47007,"Regina--Lewvan","Regina--Lewvan"," 109","Regina",N,N,"",0,363,"Donaldson","","Tria","NDP-New Democratic Party","NPD-Nouveau Parti démocratique",N,N,71
47007,"Regina--Lewvan","Regina--Lewvan"," 109","Regina",N,N,"",0,363,"Kletchko","","Roderick","People's Party - PPC","Parti populaire - PPC",N,N,9
47007,"Regina--Lewvan","Regina--Lewvan"," 109","Regina",N,N,"",0,363,"Steinley","","Warren","Conservative","Conservateur",Y,Y,53
47007,"Regina--Lewvan","Regina--Lewvan"," 109","Regina",N,N,"",0,363,"Wright","","Michael","Green Party","Parti Vert",N,N,3
47007,"Regina--Lewvan","Regina--Lewvan"," 110","Regina",N,N,"",0,341,"Cameron","","Susan","Liberal","Libéral",N,N,21
47007,"Regina--Lewvan","Regina--Lewvan"," 110","Regina",N,N,"",0,341,"Donaldson","","Tria","NDP-New Democratic Party","NPD-Nouveau Parti démocratique",N,N,71
47007,"Regina--Lewvan","Regina--Lewvan"," 110","Regina",N,N,"",0,341,"Kletchko","","Roderick","People's Party - PPC","Parti populaire - PPC",N,N,3
47007,"Regina--Lewvan","Regina--Lewvan"," 110","Regina",N,N,"",0,341,"Steinley","","Warren","Conservative","Conservateur",Y,Y,38
47007,"Regina--Lewvan","Regina--Lewvan"," 110","Regina",N,N,"",0,341,"Wright","","Michael","Green Party","Parti Vert",N,N,2
47007,"Regina--Lewvan","Regina--Lewvan"," 111","Regina",N,N,"",0,458,"Cameron","","Susan","Liberal","Libéral",N,N,32
47007,"Regina--Lewvan","Regina--Lewvan"," 111","Regina",N,N,"",0,458,"Donaldson","","Tria","NDP-New Democratic Party","NPD-Nouveau Parti démocratique",N,N,69
47007,"Regina--Lewvan","Regina--Lewvan"," 111","Regina",N,N,"",0,458,"Kletchko","","Roderick","People's Party - PPC","Parti populaire - PPC",N,N,6
47007,"Regina--Lewvan","Regina--Lewvan"," 111","Regina",N,N,"",0,458,"Steinley","","Warren","Conservative","Conservateur",Y,Y,62
47007,"Regina--Lewvan","Regina--Lewvan"," 111","Regina",N,N,"",0,458,"Wright","","Michael","Green Party","Parti Vert",N,N,2
47007,"Regina--Lewvan","Regina--Lewvan"," 112","Regina",N,N,"",0,416,"Cameron","","Susan","Liberal","Libéral",N,N,19
47007,"Regina--Lewvan","Regina--Lewvan"," 112","Regina",N,N,"",0,416,"Donaldson","","Tria","NDP-New Democratic Party","NPD-Nouveau Parti démocratique",N,N,40
47007,"Regina--Lewvan","Regina--Lewvan"," 112","Regina",N,N,"",0,416,"Kletchko","","Roderick","People's Party - PPC","Parti populaire - PPC",N,N,11
47007,"Regina--Lewvan","Regina--Lewvan"," 112","Regina",N,N,"",0,416,"Steinley","","Warren","Conservative","Conservateur",Y,Y,31
47007,"Regina--Lewvan","Regina--Lewvan"," 112","Regina",N,N,"",0,416,"Wright","","Michael","Green Party","Parti Vert",N,N,3
47007,"Regina--Lewvan","Regina--Lewvan"," 113","Regina",N,N,"",0,679,"Cameron","","Susan","Liberal","Libéral",N,N,31
47007,"Regina--Lewvan","Regina--Lewvan"," 113","Regina",N,N,"",0,679,"Donaldson","","Tria","NDP-New Democratic Party","NPD-Nouveau Parti démocratique",N,N,95
47007,"Regina--Lewvan","Regina--Lewvan"," 113","Regina",N,N,"",0,679,"Kletchko","","Roderick","People's Party - PPC","Parti populaire - PPC",N,N,5
47007,"Regina--Lewvan","Regina--Lewvan"," 113","Regina",N,N,"",0,679,"Steinley","","Warren","Conservative","Conservateur",Y,Y,103
47007,"Regina--Lewvan","Regina--Lewvan"," 113","Regina",N,N,"",0,679,"Wright","","Michael","Green Party","Parti Vert",N,N,3
47007,"Regina--Lewvan","Regina--Lewvan"," 114","Regina",N,N,"",0,350,"Cameron","","Susan","Liberal","Libéral",N,N,18
47007,"Regina--Lewvan","Regina--Lewvan"," 114","Regina",N,N,"",0,350,"Donaldson","","Tria","NDP-New Democratic Party","NPD-Nouveau Parti démocratique",N,N,54
47007,"Regina--Lewvan","Regina--Lewvan"," 114","Regina",N,N,"",0,350,"Kletchko","","Roderick","People's Party - PPC","Parti populaire - PPC",N,N,4
47007,"Regina--Lewvan","Regina--Lewvan"," 114","Regina",N,N,"",0,350,"Steinley","","Warren","Conservative","Conservateur",Y,Y,54
47007,"Regina--Lewvan","Regina--Lewvan"," 114","Regina",N,N,"",0,350,"Wright","","Michael","Green Party","Parti Vert",N,N,2
47007,"Regina--Lewvan","Regina--Lewvan"," 115","Regina",N,N,"",0,350,"Cameron","","Susan","Liberal","Libéral",N,N,24
47007,"Regina--Lewvan","Regina--Lewvan"," 115","Regina",N,N,"",0,350,"Donaldson","","Tria","NDP-New Democratic Party","NPD-Nouveau Parti démocratique",N,N,54
47007,"Regina--Lewvan","Regina--Lewvan"," 115","Regina",N,N,"",0,350,"Kletchko","","Roderick","People's Party - PPC","Parti populaire - PPC",N,N,7
47007,"Regina--Lewvan","Regina--Lewvan"," 115","Regina",N,N,"",0,350,"Steinley","","Warren","Conservative","Conservateur",Y,Y,41
47007,"Regina--Lewvan","Regina--Lewvan"," 115","Regina",N,N,"",0,350,"Wright","","Michael","Green Party","Parti Vert",N,N,3
47007,"Regina--Lewvan","Regina--Lewvan"," 116","Regina",N,N,"",1,382,"Cameron","","Susan","Liberal","Libéral",N,N,17
47007,"Regina--Lewvan","Regina--Lewvan"," 116","Regina",N,N,"",1,382,"Donaldson","","Tria","NDP-New Democratic Party","NPD-Nouveau Parti démocratique",N,N,40
47007,"Regina--Lewvan","Regina--Lewvan"," 116","Regina",N,N,"",1,382,"Kletchko","","Roderick","People's Party - PPC","Parti populaire - PPC",N,N,3
47007,"Regina--Lewvan","Regina--Lewvan"," 116","Regina",N,N,"",1,382,"Steinley","","Warren","Conservative","Conservateur",Y,Y,52
47007,"Regina--Lewvan","Regina--Lewvan"," 116","Regina",N,N,"",1,382,"Wright","","Michael","Green Party","Parti Vert",N,N,1
47007,"Regina--Lewvan","Regina--Lewvan"," 117","Regina",N,N,"",0,342,"Cameron","","Susan","Liberal","Libéral",N,N,15
47007,"Regina--Lewvan","Regina--Lewvan"," 117","Regina",N,N,"",0,342,"Donaldson","","Tria","NDP-New Democratic Party","NPD-Nouveau Parti démocratique",N,N,46
47007,"Regina--Lewvan","Regina--Lewvan"," 117","Regina",N,N,"",0,342,"Kletchko","","Roderick","People's Party - PPC","Parti populaire - PPC",N,N,1
47007,"Regina--Lewvan","Regina--Lewvan"," 117","Regina",N,N,"",0,342,"Steinley","","Warren","Conservative","Conservateur",Y,Y,58
47007,"Regina--Lewvan","Regina--Lewvan"," 117","Regina",N,N,"",0,342,"Wright","","Michael","Green Party","Parti Vert",N,N,1
47007,"Regina--Lewvan","Regina--Lewvan"," 118","Regina",N,N,"",0,395,"Cameron","","Susan","Liberal","Libéral",N,N,20
47007,"Regina--Lewvan","Regina--Lewvan"," 118","Regina",N,N,"",0,395,"Donaldson","","Tria","NDP-New Democratic Party","NPD-Nouveau Parti démocratique",N,N,84
47007,"Regina--Lewvan","Regina--Lewvan"," 118","Regina",N,N,"",0,395,"Kletchko","","Roderick","People's Party - PPC","Parti populaire - PPC",N,N,4
47007,"Regina--Lewvan","Regina--Lewvan"," 118","Regina",N,N,"",0,395,"Steinley","","Warren","Conservative","Conservateur",Y,Y,43
47007,"Regina--Lewvan","Regina--Lewvan"," 118","Regina",N,N,"",0,395,"Wright","","Michael","Green Party","Parti Vert",N,N,0
47007,"Regina--Lewvan","Regina--Lewvan"," 119","Regina",N,N,"",0,370,"Cameron","","Susan","Liberal","Libéral",N,N,19
47007,"Regina--Lewvan","Regina--Lewvan"," 119","Regina",N,N,"",0,370,"Donaldson","","Tria","NDP-New Democratic Party","NPD-Nouveau Parti démocratique",N,N,53
47007,"Regina--Lewvan","Regina--Lewvan"," 119","Regina",N,N,"",0,370,"Kletchko","","Roderick","People's Party - PPC","Parti populaire - PPC",N,N,9
47007,"Regina--Lewvan","Regina--Lewvan"," 119","Regina",N,N,"",0,370,"Steinley","","Warren","Conservative","Conservateur",Y,Y,35
47007,"Regina--Lewvan","Regina--Lewvan"," 119","Regina",N,N,"",0,370,"Wright","","Michael","Green Party","Parti Vert",N,N,3
47007,"Regina--Lewvan","Regina--Lewvan"," 120","Regina",N,N,"",1,349,"Cameron","","Susan","Liberal","Libéral",N,N,22
47007,"Regina--Lewvan","Regina--Lewvan"," 120","Regina",N,N,"",1,349,"Donaldson","","Tria","NDP-New Democratic Party","NPD-Nouveau Parti démocratique",N,N,52
47007,"Regina--Lewvan","Regina--Lewvan"," 120","Regina",N,N,"",1,349,"Kletchko","","Roderick","People's Party - PPC","Parti populaire - PPC",N,N,0
47007,"Regina--Lewvan","Regina--Lewvan"," 120","Regina",N,N,"",1,349,"Steinley","","Warren","Conservative","Conservateur",Y,Y,46
47007,"Regina--Lewvan","Regina--Lewvan"," 120","Regina",N,N,"",1,349,"Wright","","Michael","Green Party","Parti Vert",N,N,4
47007,"Regina--Lewvan","Regina--Lewvan"," 121","Regina",N,N,"",0,368,"Cameron","","Susan","Liberal","Libéral",N,N,27
47007,"Regina--Lewvan","Regina--Lewvan"," 121","Regina",N,N,"",0,368,"Donaldson","","Tria","NDP-New Democratic Party","NPD-Nouveau Parti démocratique",N,N,56
47007,"Regina--Lewvan","Regina--Lewvan"," 121","Regina",N,N,"",0,368,"Kletchko","","Roderick","People's Party - PPC","Parti populaire - PPC",N,N,6
47007,"Regina--Lewvan","Regina--Lewvan"," 121","Regina",N,N,"",0,368,"Steinley","","Warren","Conservative","Conservateur",Y,Y,33
47007,"Regina--Lewvan","Regina--Lewvan"," 121","Regina",N,N,"",0,368,"Wright","","Michael","Green Party","Parti Vert",N,N,1
47007,"Regina--Lewvan","Regina--Lewvan"," 122","Regina",N,N,"",0,426,"Cameron","","Susan","Liberal","Libéral",N,N,31
47007,"Regina--Lewvan","Regina--Lewvan"," 122","Regina",N,N,"",0,426,"Donaldson","","Tria","NDP-New Democratic Party","NPD-Nouveau Parti démocratique",N,N,56
47007,"Regina--Lewvan","Regina--Lewvan"," 122","Regina",N,N,"",0,426,"Kletchko","","Roderick","People's Party - PPC","Parti populaire - PPC",N,N,6
47007,"Regina--Lewvan","Regina--Lewvan"," 122","Regina",N,N,"",0,426,"Steinley","","Warren","Conservative","Conservateur",Y,Y,51
47007,"Regina--Lewvan","Regina--Lewvan"," 122","Regina",N,N,"",0,426,"Wright","","Michael","Green Party","Parti Vert",N,N,1
47007,"Regina--Lewvan","Regina--Lewvan"," 123","Regina",N,N,"",0,433,"Cameron","","Susan","Liberal","Libéral",N,N,25
47007,"Regina--Lewvan","Regina--Lewvan"," 123","Regina",N,N,"",0,433,"Donaldson","","Tria","NDP-New Democratic Party","NPD-Nouveau Parti démocratique",N,N,60
47007,"Regina--Lewvan","Regina--Lewvan"," 123","Regina",N,N,"",0,433,"Kletchko","","Roderick","People's Party - PPC","Parti populaire - PPC",N,N,8
47007,"Regina--Lewvan","Regina--Lewvan"," 123","Regina",N,N,"",0,433,"Steinley","","Warren","Conservative","Conservateur",Y,Y,53
47007,"Regina--Lewvan","Regina--Lewvan"," 123","Regina",N,N,"",0,433,"Wright","","Michael","Green Party","Parti Vert",N,N,1
47007,"Regina--Lewvan","Regina--Lewvan"," 124","Regina",N,N,"",0,450,"Cameron","","Susan","Liberal","Libéral",N,N,23
47007,"Regina--Lewvan","Regina--Lewvan"," 124","Regina",N,N,"",0,450,"Donaldson","","Tria","NDP-New Democratic Party","NPD-Nouveau Parti démocratique",N,N,80
47007,"Regina--Lewvan","Regina--Lewvan"," 124","Regina",N,N,"",0,450,"Kletchko","","Roderick","People's Party - PPC","Parti populaire - PPC",N,N,11
47007,"Regina--Lewvan","Regina--Lewvan"," 124","Regina",N,N,"",0,450,"Steinley","","Warren","Conservative","Conservateur",Y,Y,55
47007,"Regina--Lewvan","Regina--Lewvan"," 124","Regina",N,N,"",0,450,"Wright","","Michael","Green Party","Parti Vert",N,N,7
47007,"Regina--Lewvan","Regina--Lewvan"," 125","Regina",N,N,"",0,478,"Cameron","","Susan","Liberal","Libéral",N,N,32
47007,"Regina--Lewvan","Regina--Lewvan"," 125","Regina",N,N,"",0,478,"Donaldson","","Tria","NDP-New Democratic Party","NPD-Nouveau Parti démocratique",N,N,47
47007,"Regina--Lewvan","Regina--Lewvan"," 125","Regina",N,N,"",0,478,"Kletchko","","Roderick","People's Party - PPC","Parti populaire - PPC",N,N,8
47007,"Regina--Lewvan","Regina--Lewvan"," 125","Regina",N,N,"",0,478,"Steinley","","Warren","Conservative","Conservateur",Y,Y,71
47007,"Regina--Lewvan","Regina--Lewvan"," 125","Regina",N,N,"",0,478,"Wright","","Michael","Green Party","Parti Vert",N,N,3
47007,"Regina--Lewvan","Regina--Lewvan"," 126","Regina",N,N,"",2,639,"Cameron","","Susan","Liberal","Libéral",N,N,62
47007,"Regina--Lewvan","Regina--Lewvan"," 126","Regina",N,N,"",2,639,"Donaldson","","Tria","NDP-New Democratic Party","NPD-Nouveau Parti démocratique",N,N,44
47007,"Regina--Lewvan","Regina--Lewvan"," 126","Regina",N,N,"",2,639,"Kletchko","","Roderick","People's Party - PPC","Parti populaire - PPC",N,N,5
47007,"Regina--Lewvan","Regina--Lewvan"," 126","Regina",N,N,"",2,639,"Steinley","","Warren","Conservative","Conservateur",Y,Y,101
47007,"Regina--Lewvan","Regina--Lewvan"," 126","Regina",N,N,"",2,639,"Wright","","Michael","Green Party","Parti Vert",N,N,1
47007,"Regina--Lewvan","Regina--Lewvan"," 127","Regina",N,N,"",0,517,"Cameron","","Susan","Liberal","Libéral",N,N,32
47007,"Regina--Lewvan","Regina--Lewvan"," 127","Regina",N,N,"",0,517,"Donaldson","","Tria","NDP-New Democratic Party","NPD-Nouveau Parti démocratique",N,N,61
47007,"Regina--Lewvan","Regina--Lewvan"," 127","Regina",N,N,"",0,517,"Kletchko","","Roderick","People's Party - PPC","Parti populaire - PPC",N,N,3
47007,"Regina--Lewvan","Regina--Lewvan"," 127","Regina",N,N,"",0,517,"Steinley","","Warren","Conservative","Conservateur",Y,Y,55
47007,"Regina--Lewvan","Regina--Lewvan"," 127","Regina",N,N,"",0,517,"Wright","","Michael","Green Party","Parti Vert",N,N,2
47007,"Regina--Lewvan","Regina--Lewvan"," 128","Regina",N,N,"",0,457,"Cameron","","Susan","Liberal","Libéral",N,N,32
47007,"Regina--Lewvan","Regina--Lewvan"," 128","Regina",N,N,"",0,457,"Donaldson","","Tria","NDP-New Democratic Party","NPD-Nouveau Parti démocratique",N,N,28
47007,"Regina--Lewvan","Regina--Lewvan"," 128","Regina",N,N,"",0,457,"Kletchko","","Roderick","People's Party - PPC","Parti populaire - PPC",N,N,2
47007,"Regina--Lewvan","Regina--Lewvan"," 128","Regina",N,N,"",0,457,"Steinley","","Warren","Conservative","Conservateur",Y,Y,63
47007,"Regina--Lewvan","Regina--Lewvan"," 128","Regina",N,N,"",0,457,"Wright","","Michael","Green Party","Parti Vert",N,N,1
47007,"Regina--Lewvan","Regina--Lewvan"," 129","Regina",N,N,"",1,296,"Cameron","","Susan","Liberal","Libéral",N,N,19
47007,"Regina--Lewvan","Regina--Lewvan"," 129","Regina",N,N,"",1,296,"Donaldson","","Tria","NDP-New Democratic Party","NPD-Nouveau Parti démocratique",N,N,24
47007,"Regina--Lewvan","Regina--Lewvan"," 129","Regina",N,N,"",1,296,"Kletchko","","Roderick","People's Party - PPC","Parti populaire - PPC",N,N,3
47007,"Regina--Lewvan","Regina--Lewvan"," 129","Regina",N,N,"",1,296,"Steinley","","Warren","Conservative","Conservateur",Y,Y,26
47007,"Regina--Lewvan","Regina--Lewvan"," 129","Regina",N,N,"",1,296,"Wright","","Michael","Green Party","Parti Vert",N,N,0
47007,"Regina--Lewvan","Regina--Lewvan"," 130","Regina",N,N,"",0,372,"Cameron","","Susan","Liberal","Libéral",N,N,18
47007,"Regina--Lewvan","Regina--Lewvan"," 130","Regina",N,N,"",0,372,"Donaldson","","Tria","NDP-New Democratic Party","NPD-Nouveau Parti démocratique",N,N,28
47007,"Regina--Lewvan","Regina--Lewvan"," 130","Regina",N,N,"",0,372,"Kletchko","","Roderick","People's Party - PPC","Parti populaire - PPC",N,N,0
47007,"Regina--Lewvan","Regina--Lewvan"," 130","Regina",N,N,"",0,372,"Steinley","","Warren","Conservative","Conservateur",Y,Y,48
47007,"Regina--Lewvan","Regina--Lewvan"," 130","Regina",N,N,"",0,372,"Wright","","Michael","Green Party","Parti Vert",N,N,1
47007,"Regina--Lewvan","Regina--Lewvan"," 131","Regina",N,N,"",0,307,"Cameron","","Susan","Liberal","Libéral",N,N,29
47007,"Regina--Lewvan","Regina--Lewvan"," 131","Regina",N,N,"",0,307,"Donaldson","","Tria","NDP-New Democratic Party","NPD-Nouveau Parti démocratique",N,N,31
47007,"Regina--Lewvan","Regina--Lewvan"," 131","Regina",N,N,"",0,307,"Kletchko","","Roderick","People's Party - PPC","Parti populaire - PPC",N,N,3
47007,"Regina--Lewvan","Regina--Lewvan"," 131","Regina",N,N,"",0,307,"Steinley","","Warren","Conservative","Conservateur",Y,Y,21
47007,"Regina--Lewvan","Regina--Lewvan"," 131","Regina",N,N,"",0,307,"Wright","","Michael","Green Party","Parti Vert",N,N,1
47007,"Regina--Lewvan","Regina--Lewvan"," 132","Regina",N,N,"",0,383,"Cameron","","Susan","Liberal","Libéral",N,N,30
47007,"Regina--Lewvan","Regina--Lewvan"," 132","Regina",N,N,"",0,383,"Donaldson","","Tria","NDP-New Democratic Party","NPD-Nouveau Parti démocratique",N,N,47
47007,"Regina--Lewvan","Regina--Lewvan"," 132","Regina",N,N,"",0,383,"Kletchko","","Roderick","People's Party - PPC","Parti populaire - PPC",N,N,4
47007,"Regina--Lewvan","Regina--Lewvan"," 132","Regina",N,N,"",0,383,"Steinley","","Warren","Conservative","Conservateur",Y,Y,54
47007,"Regina--Lewvan","Regina--Lewvan"," 132","Regina",N,N,"",0,383,"Wright","","Michael","Green Party","Parti Vert",N,N,2
47007,"Regina--Lewvan","Regina--Lewvan"," 133","Regina",N,N,"",1,345,"Cameron","","Susan","Liberal","Libéral",N,N,17
47007,"Regina--Lewvan","Regina--Lewvan"," 133","Regina",N,N,"",1,345,"Donaldson","","Tria","NDP-New Democratic Party","NPD-Nouveau Parti démocratique",N,N,23
47007,"Regina--Lewvan","Regina--Lewvan"," 133","Regina",N,N,"",1,345,"Kletchko","","Roderick","People's Party - PPC","Parti populaire - PPC",N,N,4
47007,"Regina--Lewvan","Regina--Lewvan"," 133","Regina",N,N,"",1,345,"Steinley","","Warren","Conservative","Conservateur",Y,Y,37
47007,"Regina--Lewvan","Regina--Lewvan"," 133","Regina",N,N,"",1,345,"Wright","","Michael","Green Party","Parti Vert",N,N,1
47007,"Regina--Lewvan","Regina--Lewvan"," 134A","Regina",N,N,"",0,372,"Cameron","","Susan","Liberal","Libéral",N,N,31
47007,"Regina--Lewvan","Regina--Lewvan"," 134A","Regina",N,N,"",0,372,"Donaldson","","Tria","NDP-New Democratic Party","NPD-Nouveau Parti démocratique",N,N,52
47007,"Regina--Lewvan","Regina--Lewvan"," 134A","Regina",N,N,"",0,372,"Kletchko","","Roderick","People's Party - PPC","Parti populaire - PPC",N,N,5
47007,"Regina--Lewvan","Regina--Lewvan"," 134A","Regina",N,N,"",0,372,"Steinley","","Warren","Conservative","Conservateur",Y,Y,57
47007,"Regina--Lewvan","Regina--Lewvan"," 134A","Regina",N,N,"",0,372,"Wright","","Michael","Green Party","Parti Vert",N,N,0
47007,"Regina--Lewvan","Regina--Lewvan"," 134B","Regina",N,N,"",0,375,"Cameron","","Susan","Liberal","Libéral",N,N,20
47007,"Regina--Lewvan","Regina--Lewvan"," 134B","Regina",N,N,"",0,375,"Donaldson","","Tria","NDP-New Democratic Party","NPD-Nouveau Parti démocratique",N,N,58
47007,"Regina--Lewvan","Regina--Lewvan"," 134B","Regina",N,N,"",0,375,"Kletchko","","Roderick","People's Party - PPC","Parti populaire - PPC",N,N,4
47007,"Regina--Lewvan","Regina--Lewvan"," 134B","Regina",N,N,"",0,375,"Steinley","","Warren","Conservative","Conservateur",Y,Y,56
47007,"Regina--Lewvan","Regina--Lewvan"," 134B","Regina",N,N,"",0,375,"Wright","","Michael","Green Party","Parti Vert",N,N,2
47007,"Regina--Lewvan","Regina--Lewvan"," 135","Regina",N,N,"",0,569,"Cameron","","Susan","Liberal","Libéral",N,N,48
47007,"Regina--Lewvan","Regina--Lewvan"," 135","Regina",N,N,"",0,569,"Donaldson","","Tria","NDP-New Democratic Party","NPD-Nouveau Parti démocratique",N,N,88
47007,"Regina--Lewvan","Regina--Lewvan"," 135","Regina",N,N,"",0,569,"Kletchko","","Roderick","People's Party - PPC","Parti populaire - PPC",N,N,10
47007,"Regina--Lewvan","Regina--Lewvan"," 135","Regina",N,N,"",0,569,"Steinley","","Warren","Conservative","Conservateur",Y,Y,92
47007,"Regina--Lewvan","Regina--Lewvan"," 135","Regina",N,N,"",0,569,"Wright","","Michael","Green Party","Parti Vert",N,N,1
47007,"Regina--Lewvan","Regina--Lewvan"," 136A","Regina",N,N,"",1,401,"Cameron","","Susan","Liberal","Libéral",N,N,31
47007,"Regina--Lewvan","Regina--Lewvan"," 136A","Regina",N,N,"",1,401,"Donaldson","","Tria","NDP-New Democratic Party","NPD-Nouveau Parti démocratique",N,N,59
47007,"Regina--Lewvan","Regina--Lewvan"," 136A","Regina",N,N,"",1,401,"Kletchko","","Roderick","People's Party - PPC","Parti populaire - PPC",N,N,5
47007,"Regina--Lewvan","Regina--Lewvan"," 136A","Regina",N,N,"",1,401,"Steinley","","Warren","Conservative","Conservateur",Y,Y,53
47007,"Regina--Lewvan","Regina--Lewvan"," 136A","Regina",N,N,"",1,401,"Wright","","Michael","Green Party","Parti Vert",N,N,2
47007,"Regina--Lewvan","Regina--Lewvan"," 136B","Regina",N,N,"",1,370,"Cameron","","Susan","Liberal","Libéral",N,N,39
47007,"Regina--Lewvan","Regina--Lewvan"," 136B","Regina",N,N,"",1,370,"Donaldson","","Tria","NDP-New Democratic Party","NPD-Nouveau Parti démocratique",N,N,62
47007,"Regina--Lewvan","Regina--Lewvan"," 136B","Regina",N,N,"",1,370,"Kletchko","","Roderick","People's Party - PPC","Parti populaire - PPC",N,N,4
47007,"Regina--Lewvan","Regina--Lewvan"," 136B","Regina",N,N,"",1,370,"Steinley","","Warren","Conservative","Conservateur",Y,Y,60
47007,"Regina--Lewvan","Regina--Lewvan"," 136B","Regina",N,N,"",1,370,"Wright","","Michael","Green Party","Parti Vert",N,N,4
47007,"Regina--Lewvan","Regina--Lewvan"," 137","Regina",N,N,"",0,554,"Cameron","","Susan","Liberal","Libéral",N,N,51
47007,"Regina--Lewvan","Regina--Lewvan"," 137","Regina",N,N,"",0,554,"Donaldson","","Tria","NDP-New Democratic Party","NPD-Nouveau Parti démocratique",N,N,48
47007,"Regina--Lewvan","Regina--Lewvan"," 137","Regina",N,N,"",0,554,"Kletchko","","Roderick","People's Party - PPC","Parti populaire - PPC",N,N,13
47007,"Regina--Lewvan","Regina--Lewvan"," 137","Regina",N,N,"",0,554,"Steinley","","Warren","Conservative","Conservateur",Y,Y,66
47007,"Regina--Lewvan","Regina--Lewvan"," 137","Regina",N,N,"",0,554,"Wright","","Michael","Green Party","Parti Vert",N,N,2
47007,"Regina--Lewvan","Regina--Lewvan"," 138","Regina",N,N,"",0,563,"Cameron","","Susan","Liberal","Libéral",N,N,43
47007,"Regina--Lewvan","Regina--Lewvan"," 138","Regina",N,N,"",0,563,"Donaldson","","Tria","NDP-New Democratic Party","NPD-Nouveau Parti démocratique",N,N,53
47007,"Regina--Lewvan","Regina--Lewvan"," 138","Regina",N,N,"",0,563,"Kletchko","","Roderick","People's Party - PPC","Parti populaire - PPC",N,N,4
47007,"Regina--Lewvan","Regina--Lewvan"," 138","Regina",N,N,"",0,563,"Steinley","","Warren","Conservative","Conservateur",Y,Y,86
47007,"Regina--Lewvan","Regina--Lewvan"," 138","Regina",N,N,"",0,563,"Wright","","Michael","Green Party","Parti Vert",N,N,2
47007,"Regina--Lewvan","Regina--Lewvan"," 139","Regina",N,N,"",0,443,"Cameron","","Susan","Liberal","Libéral",N,N,33
47007,"Regina--Lewvan","Regina--Lewvan"," 139","Regina",N,N,"",0,443,"Donaldson","","Tria","NDP-New Democratic Party","NPD-Nouveau Parti démocratique",N,N,56
47007,"Regina--Lewvan","Regina--Lewvan"," 139","Regina",N,N,"",0,443,"Kletchko","","Roderick","People's Party - PPC","Parti populaire - PPC",N,N,6
47007,"Regina--Lewvan","Regina--Lewvan"," 139","Regina",N,N,"",0,443,"Steinley","","Warren","Conservative","Conservateur",Y,Y,74
47007,"Regina--Lewvan","Regina--Lewvan"," 139","Regina",N,N,"",0,443,"Wright","","Michael","Green Party","Parti Vert",N,N,2
47007,"Regina--Lewvan","Regina--Lewvan"," 140A","Regina",N,N,"",0,458,"Cameron","","Susan","Liberal","Libéral",N,N,34
47007,"Regina--Lewvan","Regina--Lewvan"," 140A","Regina",N,N,"",0,458,"Donaldson","","Tria","NDP-New Democratic Party","NPD-Nouveau Parti démocratique",N,N,66
47007,"Regina--Lewvan","Regina--Lewvan"," 140A","Regina",N,N,"",0,458,"Kletchko","","Roderick","People's Party - PPC","Parti populaire - PPC",N,N,6
47007,"Regina--Lewvan","Regina--Lewvan"," 140A","Regina",N,N,"",0,458,"Steinley","","Warren","Conservative","Conservateur",Y,Y,63
47007,"Regina--Lewvan","Regina--Lewvan"," 140A","Regina",N,N,"",0,458,"Wright","","Michael","Green Party","Parti Vert",N,N,2
47007,"Regina--Lewvan","Regina--Lewvan"," 140B","Regina",N,N,"",2,438,"Cameron","","Susan","Liberal","Libéral",N,N,28
47007,"Regina--Lewvan","Regina--Lewvan"," 140B","Regina",N,N,"",2,438,"Donaldson","","Tria","NDP-New Democratic Party","NPD-Nouveau Parti démocratique",N,N,50
47007,"Regina--Lewvan","Regina--Lewvan"," 140B","Regina",N,N,"",2,438,"Kletchko","","Roderick","People's Party - PPC","Parti populaire - PPC",N,N,3
47007,"Regina--Lewvan","Regina--Lewvan"," 140B","Regina",N,N,"",2,438,"Steinley","","Warren","Conservative","Conservateur",Y,Y,62
47007,"Regina--Lewvan","Regina--Lewvan"," 140B","Regina",N,N,"",2,438,"Wright","","Michael","Green Party","Parti Vert",N,N,1
47007,"Regina--Lewvan","Regina--Lewvan"," 141","Regina",N,N,"",1,453,"Cameron","","Susan","Liberal","Libéral",N,N,45
47007,"Regina--Lewvan","Regina--Lewvan"," 141","Regina",N,N,"",1,453,"Donaldson","","Tria","NDP-New Democratic Party","NPD-Nouveau Parti démocratique",N,N,55
47007,"Regina--Lewvan","Regina--Lewvan"," 141","Regina",N,N,"",1,453,"Kletchko","","Roderick","People's Party - PPC","Parti populaire - PPC",N,N,7
47007,"Regina--Lewvan","Regina--Lewvan"," 141","Regina",N,N,"",1,453,"Steinley","","Warren","Conservative","Conservateur",Y,Y,70
47007,"Regina--Lewvan","Regina--Lewvan"," 141","Regina",N,N,"",1,453,"Wright","","Michael","Green Party","Parti Vert",N,N,0
47007,"Regina--Lewvan","Regina--Lewvan"," 142","Regina",N,N,"",0,355,"Cameron","","Susan","Liberal","Libéral",N,N,24
47007,"Regina--Lewvan","Regina--Lewvan"," 142","Regina",N,N,"",0,355,"Donaldson","","Tria","NDP-New Democratic Party","NPD-Nouveau Parti démocratique",N,N,61
47007,"Regina--Lewvan","Regina--Lewvan"," 142","Regina",N,N,"",0,355,"Kletchko","","Roderick","People's Party - PPC","Parti populaire - PPC",N,N,1
47007,"Regina--Lewvan","Regina--Lewvan"," 142","Regina",N,N,"",0,355,"Steinley","","Warren","Conservative","Conservateur",Y,Y,37
47007,"Regina--Lewvan","Regina--Lewvan"," 142","Regina",N,N,"",0,355,"Wright","","Michael","Green Party","Parti Vert",N,N,4
47007,"Regina--Lewvan","Regina--Lewvan"," 143","Regina",N,N,"",1,282,"Cameron","","Susan","Liberal","Libéral",N,N,24
47007,"Regina--Lewvan","Regina--Lewvan"," 143","Regina",N,N,"",1,282,"Donaldson","","Tria","NDP-New Democratic Party","NPD-Nouveau Parti démocratique",N,N,40
47007,"Regina--Lewvan","Regina--Lewvan"," 143","Regina",N,N,"",1,282,"Kletchko","","Roderick","People's Party - PPC","Parti populaire - PPC",N,N,3
47007,"Regina--Lewvan","Regina--Lewvan"," 143","Regina",N,N,"",1,282,"Steinley","","Warren","Conservative","Conservateur",Y,Y,33
47007,"Regina--Lewvan","Regina--Lewvan"," 143","Regina",N,N,"",1,282,"Wright","","Michael","Green Party","Parti Vert",N,N,1
47007,"Regina--Lewvan","Regina--Lewvan"," 144","Regina",N,N,"",0,316,"Cameron","","Susan","Liberal","Libéral",N,N,21
47007,"Regina--Lewvan","Regina--Lewvan"," 144","Regina",N,N,"",0,316,"Donaldson","","Tria","NDP-New Democratic Party","NPD-Nouveau Parti démocratique",N,N,24
47007,"Regina--Lewvan","Regina--Lewvan"," 144","Regina",N,N,"",0,316,"Kletchko","","Roderick","People's Party - PPC","Parti populaire - PPC",N,N,3
47007,"Regina--Lewvan","Regina--Lewvan"," 144","Regina",N,N,"",0,316,"Steinley","","Warren","Conservative","Conservateur",Y,Y,20
47007,"Regina--Lewvan","Regina--Lewvan"," 144","Regina",N,N,"",0,316,"Wright","","Michael","Green Party","Parti Vert",N,N,1
47007,"Regina--Lewvan","Regina--Lewvan"," 145","Regina",N,N,"",0,332,"Cameron","","Susan","Liberal","Libéral",N,N,17
47007,"Regina--Lewvan","Regina--Lewvan"," 145","Regina",N,N,"",0,332,"Donaldson","","Tria","NDP-New Democratic Party","NPD-Nouveau Parti démocratique",N,N,43
47007,"Regina--Lewvan","Regina--Lewvan"," 145","Regina",N,N,"",0,332,"Kletchko","","Roderick","People's Party - PPC","Parti populaire - PPC",N,N,5
47007,"Regina--Lewvan","Regina--Lewvan"," 145","Regina",N,N,"",0,332,"Steinley","","Warren","Conservative","Conservateur",Y,Y,31
47007,"Regina--Lewvan","Regina--Lewvan"," 145","Regina",N,N,"",0,332,"Wright","","Michael","Green Party","Parti Vert",N,N,1
47007,"Regina--Lewvan","Regina--Lewvan"," 146","Regina",N,N,"",0,376,"Cameron","","Susan","Liberal","Libéral",N,N,20
47007,"Regina--Lewvan","Regina--Lewvan"," 146","Regina",N,N,"",0,376,"Donaldson","","Tria","NDP-New Democratic Party","NPD-Nouveau Parti démocratique",N,N,33
47007,"Regina--Lewvan","Regina--Lewvan"," 146","Regina",N,N,"",0,376,"Kletchko","","Roderick","People's Party - PPC","Parti populaire - PPC",N,N,0
47007,"Regina--Lewvan","Regina--Lewvan"," 146","Regina",N,N,"",0,376,"Steinley","","Warren","Conservative","Conservateur",Y,Y,68
47007,"Regina--Lewvan","Regina--Lewvan"," 146","Regina",N,N,"",0,376,"Wright","","Michael","Green Party","Parti Vert",N,N,2
47007,"Regina--Lewvan","Regina--Lewvan"," 147","Regina",N,N,"",1,308,"Cameron","","Susan","Liberal","Libéral",N,N,12
47007,"Regina--Lewvan","Regina--Lewvan"," 147","Regina",N,N,"",1,308,"Donaldson","","Tria","NDP-New Democratic Party","NPD-Nouveau Parti démocratique",N,N,33
47007,"Regina--Lewvan","Regina--Lewvan"," 147","Regina",N,N,"",1,308,"Kletchko","","Roderick","People's Party - PPC","Parti populaire - PPC",N,N,11
47007,"Regina--Lewvan","Regina--Lewvan"," 147","Regina",N,N,"",1,308,"Steinley","","Warren","Conservative","Conservateur",Y,Y,34
47007,"Regina--Lewvan","Regina--Lewvan"," 147","Regina",N,N,"",1,308,"Wright","","Michael","Green Party","Parti Vert",N,N,2
47007,"Regina--Lewvan","Regina--Lewvan"," 148","Regina",N,N,"",0,366,"Cameron","","Susan","Liberal","Libéral",N,N,15
47007,"Regina--Lewvan","Regina--Lewvan"," 148","Regina",N,N,"",0,366,"Donaldson","","Tria","NDP-New Democratic Party","NPD-Nouveau Parti démocratique",N,N,32
47007,"Regina--Lewvan","Regina--Lewvan"," 148","Regina",N,N,"",0,366,"Kletchko","","Roderick","People's Party - PPC","Parti populaire - PPC",N,N,6
47007,"Regina--Lewvan","Regina--Lewvan"," 148","Regina",N,N,"",0,366,"Steinley","","Warren","Conservative","Conservateur",Y,Y,47
47007,"Regina--Lewvan","Regina--Lewvan"," 148","Regina",N,N,"",0,366,"Wright","","Michael","Green Party","Parti Vert",N,N,1
47007,"Regina--Lewvan","Regina--Lewvan"," 149","Regina",N,N,"",0,418,"Cameron","","Susan","Liberal","Libéral",N,N,23
47007,"Regina--Lewvan","Regina--Lewvan"," 149","Regina",N,N,"",0,418,"Donaldson","","Tria","NDP-New Democratic Party","NPD-Nouveau Parti démocratique",N,N,44
47007,"Regina--Lewvan","Regina--Lewvan"," 149","Regina",N,N,"",0,418,"Kletchko","","Roderick","People's Party - PPC","Parti populaire - PPC",N,N,7
47007,"Regina--Lewvan","Regina--Lewvan"," 149","Regina",N,N,"",0,418,"Steinley","","Warren","Conservative","Conservateur",Y,Y,52
47007,"Regina--Lewvan","Regina--Lewvan"," 149","Regina",N,N,"",0,418,"Wright","","Michael","Green Party","Parti Vert",N,N,0
47007,"Regina--Lewvan","Regina--Lewvan"," 150","Regina",N,N,"",0,293,"Cameron","","Susan","Liberal","Libéral",N,N,21
47007,"Regina--Lewvan","Regina--Lewvan"," 150","Regina",N,N,"",0,293,"Donaldson","","Tria","NDP-New Democratic Party","NPD-Nouveau Parti démocratique",N,N,17
47007,"Regina--Lewvan","Regina--Lewvan"," 150","Regina",N,N,"",0,293,"Kletchko","","Roderick","People's Party - PPC","Parti populaire - PPC",N,N,2
47007,"Regina--Lewvan","Regina--Lewvan"," 150","Regina",N,N,"",0,293,"Steinley","","Warren","Conservative","Conservateur",Y,Y,22
47007,"Regina--Lewvan","Regina--Lewvan"," 150","Regina",N,N,"",0,293,"Wright","","Michael","Green Party","Parti Vert",N,N,0
47007,"Regina--Lewvan","Regina--Lewvan"," 151","Regina",N,N,"",0,355,"Cameron","","Susan","Liberal","Libéral",N,N,16
47007,"Regina--Lewvan","Regina--Lewvan"," 151","Regina",N,N,"",0,355,"Donaldson","","Tria","NDP-New Democratic Party","NPD-Nouveau Parti démocratique",N,N,35
47007,"Regina--Lewvan","Regina--Lewvan"," 151","Regina",N,N,"",0,355,"Kletchko","","Roderick","People's Party - PPC","Parti populaire - PPC",N,N,1
47007,"Regina--Lewvan","Regina--Lewvan"," 151","Regina",N,N,"",0,355,"Steinley","","Warren","Conservative","Conservateur",Y,Y,63
47007,"Regina--Lewvan","Regina--Lewvan"," 151","Regina",N,N,"",0,355,"Wright","","Michael","Green Party","Parti Vert",N,N,2
47007,"Regina--Lewvan","Regina--Lewvan"," 152A","Regina",N,N,"",0,347,"Cameron","","Susan","Liberal","Libéral",N,N,20
47007,"Regina--Lewvan","Regina--Lewvan"," 152A","Regina",N,N,"",0,347,"Donaldson","","Tria","NDP-New Democratic Party","NPD-Nouveau Parti démocratique",N,N,43
47007,"Regina--Lewvan","Regina--Lewvan"," 152A","Regina",N,N,"",0,347,"Kletchko","","Roderick","People's Party - PPC","Parti populaire - PPC",N,N,7
47007,"Regina--Lewvan","Regina--Lewvan"," 152A","Regina",N,N,"",0,347,"Steinley","","Warren","Conservative","Conservateur",Y,Y,54
47007,"Regina--Lewvan","Regina--Lewvan"," 152A","Regina",N,N,"",0,347,"Wright","","Michael","Green Party","Parti Vert",N,N,0
47007,"Regina--Lewvan","Regina--Lewvan"," 152B","Regina",N,N,"",0,325,"Cameron","","Susan","Liberal","Libéral",N,N,15
47007,"Regina--Lewvan","Regina--Lewvan"," 152B","Regina",N,N,"",0,325,"Donaldson","","Tria","NDP-New Democratic Party","NPD-Nouveau Parti démocratique",N,N,20
47007,"Regina--Lewvan","Regina--Lewvan"," 152B","Regina",N,N,"",0,325,"Kletchko","","Roderick","People's Party - PPC","Parti populaire - PPC",N,N,3
47007,"Regina--Lewvan","Regina--Lewvan"," 152B","Regina",N,N,"",0,325,"Steinley","","Warren","Conservative","Conservateur",Y,Y,62
47007,"Regina--Lewvan","Regina--Lewvan"," 152B","Regina",N,N,"",0,325,"Wright","","Michael","Green Party","Parti Vert",N,N,2
47007,"Regina--Lewvan","Regina--Lewvan"," 153","Regina",N,N,"",0,385,"Cameron","","Susan","Liberal","Libéral",N,N,22
47007,"Regina--Lewvan","Regina--Lewvan"," 153","Regina",N,N,"",0,385,"Donaldson","","Tria","NDP-New Democratic Party","NPD-Nouveau Parti démocratique",N,N,35
47007,"Regina--Lewvan","Regina--Lewvan"," 153","Regina",N,N,"",0,385,"Kletchko","","Roderick","People's Party - PPC","Parti populaire - PPC",N,N,2
47007,"Regina--Lewvan","Regina--Lewvan"," 153","Regina",N,N,"",0,385,"Steinley","","Warren","Conservative","Conservateur",Y,Y,50
47007,"Regina--Lewvan","Regina--Lewvan"," 153","Regina",N,N,"",0,385,"Wright","","Michael","Green Party","Parti Vert",N,N,0
47007,"Regina--Lewvan","Regina--Lewvan"," 154","Regina",N,N,"",0,353,"Cameron","","Susan","Liberal","Libéral",N,N,26
47007,"Regina--Lewvan","Regina--Lewvan"," 154","Regina",N,N,"",0,353,"Donaldson","","Tria","NDP-New Democratic Party","NPD-Nouveau Parti démocratique",N,N,22
47007,"Regina--Lewvan","Regina--Lewvan"," 154","Regina",N,N,"",0,353,"Kletchko","","Roderick","People's Party - PPC","Parti populaire - PPC",N,N,4
47007,"Regina--Lewvan","Regina--Lewvan"," 154","Regina",N,N,"",0,353,"Steinley","","Warren","Conservative","Conservateur",Y,Y,42
47007,"Regina--Lewvan","Regina--Lewvan"," 154","Regina",N,N,"",0,353,"Wright","","Michael","Green Party","Parti Vert",N,N,1
47007,"Regina--Lewvan","Regina--Lewvan"," 155","Regina",N,N,"",0,376,"Cameron","","Susan","Liberal","Libéral",N,N,12
47007,"Regina--Lewvan","Regina--Lewvan"," 155","Regina",N,N,"",0,376,"Donaldson","","Tria","NDP-New Democratic Party","NPD-Nouveau Parti démocratique",N,N,36
47007,"Regina--Lewvan","Regina--Lewvan"," 155","Regina",N,N,"",0,376,"Kletchko","","Roderick","People's Party - PPC","Parti populaire - PPC",N,N,1
47007,"Regina--Lewvan","Regina--Lewvan"," 155","Regina",N,N,"",0,376,"Steinley","","Warren","Conservative","Conservateur",Y,Y,43
47007,"Regina--Lewvan","Regina--Lewvan"," 155","Regina",N,N,"",0,376,"Wright","","Michael","Green Party","Parti Vert",N,N,1
47007,"Regina--Lewvan","Regina--Lewvan"," 156","Regina",N,N,"",0,359,"Cameron","","Susan","Liberal","Libéral",N,N,19
47007,"Regina--Lewvan","Regina--Lewvan"," 156","Regina",N,N,"",0,359,"Donaldson","","Tria","NDP-New Democratic Party","NPD-Nouveau Parti démocratique",N,N,47
47007,"Regina--Lewvan","Regina--Lewvan"," 156","Regina",N,N,"",0,359,"Kletchko","","Roderick","People's Party - PPC","Parti populaire - PPC",N,N,2
47007,"Regina--Lewvan","Regina--Lewvan"," 156","Regina",N,N,"",0,359,"Steinley","","Warren","Conservative","Conservateur",Y,Y,46
47007,"Regina--Lewvan","Regina--Lewvan"," 156","Regina",N,N,"",0,359,"Wright","","Michael","Green Party","Parti Vert",N,N,2
47007,"Regina--Lewvan","Regina--Lewvan"," 500","Mobile poll/Bureau itinérant",N,N,"",0,4,"Cameron","","Susan","Liberal","Libéral",N,N,0
47007,"Regina--Lewvan","Regina--Lewvan"," 500","Mobile poll/Bureau itinérant",N,N,"",0,4,"Donaldson","","Tria","NDP-New Democratic Party","NPD-Nouveau Parti démocratique",N,N,0
47007,"Regina--Lewvan","Regina--Lewvan"," 500","Mobile poll/Bureau itinérant",N,N,"",0,4,"Kletchko","","Roderick","People's Party - PPC","Parti populaire - PPC",N,N,0
47007,"Regina--Lewvan","Regina--Lewvan"," 500","Mobile poll/Bureau itinérant",N,N,"",0,4,"Steinley","","Warren","Conservative","Conservateur",Y,Y,0
47007,"Regina--Lewvan","Regina--Lewvan"," 500","Mobile poll/Bureau itinérant",N,N,"",0,4,"Wright","","Michael","Green Party","Parti Vert",N,N,0
47007,"Regina--Lewvan","Regina--Lewvan"," 501","Mobile poll/Bureau itinérant",N,N,"",0,3,"Cameron","","Susan","Liberal","Libéral",N,N,0
47007,"Regina--Lewvan","Regina--Lewvan"," 501","Mobile poll/Bureau itinérant",N,N,"",0,3,"Donaldson","","Tria","NDP-New Democratic Party","NPD-Nouveau Parti démocratique",N,N,1
47007,"Regina--Lewvan","Regina--Lewvan"," 501","Mobile poll/Bureau itinérant",N,N,"",0,3,"Kletchko","","Roderick","People's Party - PPC","Parti populaire - PPC",N,N,0
47007,"Regina--Lewvan","Regina--Lewvan"," 501","Mobile poll/Bureau itinérant",N,N,"",0,3,"Steinley","","Warren","Conservative","Conservateur",Y,Y,1
47007,"Regina--Lewvan","Regina--Lewvan"," 501","Mobile poll/Bureau itinérant",N,N,"",0,3,"Wright","","Michael","Green Party","Parti Vert",N,N,0
47007,"Regina--Lewvan","Regina--Lewvan"," 502","Mobile poll/Bureau itinérant",N,N,"43",0,7,"Cameron","","Susan","Liberal","Libéral",N,N,0
47007,"Regina--Lewvan","Regina--Lewvan"," 502","Mobile poll/Bureau itinérant",N,N,"43",0,7,"Donaldson","","Tria","NDP-New Democratic Party","NPD-Nouveau Parti démocratique",N,N,0
47007,"Regina--Lewvan","Regina--Lewvan"," 502","Mobile poll/Bureau itinérant",N,N,"43",0,7,"Kletchko","","Roderick","People's Party - PPC","Parti populaire - PPC",N,N,0
47007,"Regina--Lewvan","Regina--Lewvan"," 502","Mobile poll/Bureau itinérant",N,N,"43",0,7,"Steinley","","Warren","Conservative","Conservateur",Y,Y,0
47007,"Regina--Lewvan","Regina--Lewvan"," 502","Mobile poll/Bureau itinérant",N,N,"43",0,7,"Wright","","Michael","Green Party","Parti Vert",N,N,0
47007,"Regina--Lewvan","Regina--Lewvan"," 503","Mobile poll/Bureau itinérant",N,N,"",2,11,"Cameron","","Susan","Liberal","Libéral",N,N,3
47007,"Regina--Lewvan","Regina--Lewvan"," 503","Mobile poll/Bureau itinérant",N,N,"",2,11,"Donaldson","","Tria","NDP-New Democratic Party","NPD-Nouveau Parti démocratique",N,N,1
47007,"Regina--Lewvan","Regina--Lewvan"," 503","Mobile poll/Bureau itinérant",N,N,"",2,11,"Kletchko","","Roderick","People's Party - PPC","Parti populaire - PPC",N,N,1
47007,"Regina--Lewvan","Regina--Lewvan"," 503","Mobile poll/Bureau itinérant",N,N,"",2,11,"Steinley","","Warren","Conservative","Conservateur",Y,Y,2
47007,"Regina--Lewvan","Regina--Lewvan"," 503","Mobile poll/Bureau itinérant",N,N,"",2,11,"Wright","","Michael","Green Party","Parti Vert",N,N,0
47007,"Regina--Lewvan","Regina--Lewvan"," 504","Mobile poll/Bureau itinérant",N,N,"",0,10,"Cameron","","Susan","Liberal","Libéral",N,N,1
47007,"Regina--Lewvan","Regina--Lewvan"," 504","Mobile poll/Bureau itinérant",N,N,"",0,10,"Donaldson","","Tria","NDP-New Democratic Party","NPD-Nouveau Parti démocratique",N,N,3
47007,"Regina--Lewvan","Regina--Lewvan"," 504","Mobile poll/Bureau itinérant",N,N,"",0,10,"Kletchko","","Roderick","People's Party - PPC","Parti populaire - PPC",N,N,1
47007,"Regina--Lewvan","Regina--Lewvan"," 504","Mobile poll/Bureau itinérant",N,N,"",0,10,"Steinley","","Warren","Conservative","Conservateur",Y,Y,1
47007,"Regina--Lewvan","Regina--Lewvan"," 504","Mobile poll/Bureau itinérant",N,N,"",0,10,"Wright","","Michael","Green Party","Parti Vert",N,N,0
47007,"Regina--Lewvan","Regina--Lewvan"," 505","Mobile poll/Bureau itinérant",N,N,"",1,6,"Cameron","","Susan","Liberal","Libéral",N,N,0
47007,"Regina--Lewvan","Regina--Lewvan"," 505","Mobile poll/Bureau itinérant",N,N,"",1,6,"Donaldson","","Tria","NDP-New Democratic Party","NPD-Nouveau Parti démocratique",N,N,1
47007,"Regina--Lewvan","Regina--Lewvan"," 505","Mobile poll/Bureau itinérant",N,N,"",1,6,"Kletchko","","Roderick","People's Party - PPC","Parti populaire - PPC",N,N,0
47007,"Regina--Lewvan","Regina--Lewvan"," 505","Mobile poll/Bureau itinérant",N,N,"",1,6,"Steinley","","Warren","Conservative","Conservateur",Y,Y,2
47007,"Regina--Lewvan","Regina--Lewvan"," 505","Mobile poll/Bureau itinérant",N,N,"",1,6,"Wright","","Michael","Green Party","Parti Vert",N,N,0
47007,"Regina--Lewvan","Regina--Lewvan"," 506","Mobile poll/Bureau itinérant",N,N,"",0,8,"Cameron","","Susan","Liberal","Libéral",N,N,0
47007,"Regina--Lewvan","Regina--Lewvan"," 506","Mobile poll/Bureau itinérant",N,N,"",0,8,"Donaldson","","Tria","NDP-New Democratic Party","NPD-Nouveau Parti démocratique",N,N,2
47007,"Regina--Lewvan","Regina--Lewvan"," 506","Mobile poll/Bureau itinérant",N,N,"",0,8,"Kletchko","","Roderick","People's Party - PPC","Parti populaire - PPC",N,N,1
47007,"Regina--Lewvan","Regina--Lewvan"," 506","Mobile poll/Bureau itinérant",N,N,"",0,8,"Steinley","","Warren","Conservative","Conservateur",Y,Y,4
47007,"Regina--Lewvan","Regina--Lewvan"," 506","Mobile poll/Bureau itinérant",N,N,"",0,8,"Wright","","Michael","Green Party","Parti Vert",N,N,0
47007,"Regina--Lewvan","Regina--Lewvan"," 507","Mobile poll/Bureau itinérant",N,N,"",0,8,"Cameron","","Susan","Liberal","Libéral",N,N,1
47007,"Regina--Lewvan","Regina--Lewvan"," 507","Mobile poll/Bureau itinérant",N,N,"",0,8,"Donaldson","","Tria","NDP-New Democratic Party","NPD-Nouveau Parti démocratique",N,N,2
47007,"Regina--Lewvan","Regina--Lewvan"," 507","Mobile poll/Bureau itinérant",N,N,"",0,8,"Kletchko","","Roderick","People's Party - PPC","Parti populaire - PPC",N,N,1
47007,"Regina--Lewvan","Regina--Lewvan"," 507","Mobile poll/Bureau itinérant",N,N,"",0,8,"Steinley","","Warren","Conservative","Conservateur",Y,Y,1
47007,"Regina--Lewvan","Regina--Lewvan"," 507","Mobile poll/Bureau itinérant",N,N,"",0,8,"Wright","","Michael","Green Party","Parti Vert",N,N,1
47007,"Regina--Lewvan","Regina--Lewvan"," 508","Mobile poll/Bureau itinérant",N,N,"",0,5,"Cameron","","Susan","Liberal","Libéral",N,N,2
47007,"Regina--Lewvan","Regina--Lewvan"," 508","Mobile poll/Bureau itinérant",N,N,"",0,5,"Donaldson","","Tria","NDP-New Democratic Party","NPD-Nouveau Parti démocratique",N,N,0
47007,"Regina--Lewvan","Regina--Lewvan"," 508","Mobile poll/Bureau itinérant",N,N,"",0,5,"Kletchko","","Roderick","People's Party - PPC","Parti populaire - PPC",N,N,0
47007,"Regina--Lewvan","Regina--Lewvan"," 508","Mobile poll/Bureau itinérant",N,N,"",0,5,"Steinley","","Warren","Conservative","Conservateur",Y,Y,1
47007,"Regina--Lewvan","Regina--Lewvan"," 508","Mobile poll/Bureau itinérant",N,N,"",0,5,"Wright","","Michael","Green Party","Parti Vert",N,N,0
47007,"Regina--Lewvan","Regina--Lewvan"," 509","Mobile poll/Bureau itinérant",N,N,"",0,11,"Cameron","","Susan","Liberal","Libéral",N,N,1
47007,"Regina--Lewvan","Regina--Lewvan"," 509","Mobile poll/Bureau itinérant",N,N,"",0,11,"Donaldson","","Tria","NDP-New Democratic Party","NPD-Nouveau Parti démocratique",N,N,2
47007,"Regina--Lewvan","Regina--Lewvan"," 509","Mobile poll/Bureau itinérant",N,N,"",0,11,"Kletchko","","Roderick","People's Party - PPC","Parti populaire - PPC",N,N,0
47007,"Regina--Lewvan","Regina--Lewvan"," 509","Mobile poll/Bureau itinérant",N,N,"",0,11,"Steinley","","Warren","Conservative","Conservateur",Y,Y,2
47007,"Regina--Lewvan","Regina--Lewvan"," 509","Mobile poll/Bureau itinérant",N,N,"",0,11,"Wright","","Michael","Green Party","Parti Vert",N,N,1
47007,"Regina--Lewvan","Regina--Lewvan"," 510","Mobile poll/Bureau itinérant",N,N,"",0,64,"Cameron","","Susan","Liberal","Libéral",N,N,17
47007,"Regina--Lewvan","Regina--Lewvan"," 510","Mobile poll/Bureau itinérant",N,N,"",0,64,"Donaldson","","Tria","NDP-New Democratic Party","NPD-Nouveau Parti démocratique",N,N,12
47007,"Regina--Lewvan","Regina--Lewvan"," 510","Mobile poll/Bureau itinérant",N,N,"",0,64,"Kletchko","","Roderick","People's Party - PPC","Parti populaire - PPC",N,N,1
47007,"Regina--Lewvan","Regina--Lewvan"," 510","Mobile poll/Bureau itinérant",N,N,"",0,64,"Steinley","","Warren","Conservative","Conservateur",Y,Y,11
47007,"Regina--Lewvan","Regina--Lewvan"," 510","Mobile poll/Bureau itinérant",N,N,"",0,64,"Wright","","Michael","Green Party","Parti Vert",N,N,0
47007,"Regina--Lewvan","Regina--Lewvan"," 511","Mobile poll/Bureau itinérant",N,Y,"",0,17,"Cameron","","Susan","Liberal","Libéral",N,N,0
47007,"Regina--Lewvan","Regina--Lewvan"," 511","Mobile poll/Bureau itinérant",N,Y,"",0,17,"Donaldson","","Tria","NDP-New Democratic Party","NPD-Nouveau Parti démocratique",N,N,0
47007,"Regina--Lewvan","Regina--Lewvan"," 511","Mobile poll/Bureau itinérant",N,Y,"",0,17,"Kletchko","","Roderick","People's Party - PPC","Parti populaire - PPC",N,N,0
47007,"Regina--Lewvan","Regina--Lewvan"," 511","Mobile poll/Bureau itinérant",N,Y,"",0,17,"Steinley","","Warren","Conservative","Conservateur",Y,Y,0
47007,"Regina--Lewvan","Regina--Lewvan"," 511","Mobile poll/Bureau itinérant",N,Y,"",0,17,"Wright","","Michael","Green Party","Parti Vert",N,N,0
47007,"Regina--Lewvan","Regina--Lewvan"," 512","Mobile poll/Bureau itinérant",N,N,"",0,30,"Cameron","","Susan","Liberal","Libéral",N,N,1
47007,"Regina--Lewvan","Regina--Lewvan"," 512","Mobile poll/Bureau itinérant",N,N,"",0,30,"Donaldson","","Tria","NDP-New Democratic Party","NPD-Nouveau Parti démocratique",N,N,2
47007,"Regina--Lewvan","Regina--Lewvan"," 512","Mobile poll/Bureau itinérant",N,N,"",0,30,"Kletchko","","Roderick","People's Party - PPC","Parti populaire - PPC",N,N,0
47007,"Regina--Lewvan","Regina--Lewvan"," 512","Mobile poll/Bureau itinérant",N,N,"",0,30,"Steinley","","Warren","Conservative","Conservateur",Y,Y,1
47007,"Regina--Lewvan","Regina--Lewvan"," 512","Mobile poll/Bureau itinérant",N,N,"",0,30,"Wright","","Michael","Green Party","Parti Vert",N,N,2
47007,"Regina--Lewvan","Regina--Lewvan"," 513","Mobile poll/Bureau itinérant",N,N,"",0,89,"Cameron","","Susan","Liberal","Libéral",N,N,6
47007,"Regina--Lewvan","Regina--Lewvan"," 513","Mobile poll/Bureau itinérant",N,N,"",0,89,"Donaldson","","Tria","NDP-New Democratic Party","NPD-Nouveau Parti démocratique",N,N,8
47007,"Regina--Lewvan","Regina--Lewvan"," 513","Mobile poll/Bureau itinérant",N,N,"",0,89,"Kletchko","","Roderick","People's Party - PPC","Parti populaire - PPC",N,N,0
47007,"Regina--Lewvan","Regina--Lewvan"," 513","Mobile poll/Bureau itinérant",N,N,"",0,89,"Steinley","","Warren","Conservative","Conservateur",Y,Y,6
47007,"Regina--Lewvan","Regina--Lewvan"," 513","Mobile poll/Bureau itinérant",N,N,"",0,89,"Wright","","Michael","Green Party","Parti Vert",N,N,0
47007,"Regina--Lewvan","Regina--Lewvan"," 514","Mobile poll/Bureau itinérant",N,N,"",0,11,"Cameron","","Susan","Liberal","Libéral",N,N,2
47007,"Regina--Lewvan","Regina--Lewvan"," 514","Mobile poll/Bureau itinérant",N,N,"",0,11,"Donaldson","","Tria","NDP-New Democratic Party","NPD-Nouveau Parti démocratique",N,N,2
47007,"Regina--Lewvan","Regina--Lewvan"," 514","Mobile poll/Bureau itinérant",N,N,"",0,11,"Kletchko","","Roderick","People's Party - PPC","Parti populaire - PPC",N,N,0
47007,"Regina--Lewvan","Regina--Lewvan"," 514","Mobile poll/Bureau itinérant",N,N,"",0,11,"Steinley","","Warren","Conservative","Conservateur",Y,Y,4
47007,"Regina--Lewvan","Regina--Lewvan"," 514","Mobile poll/Bureau itinérant",N,N,"",0,11,"Wright","","Michael","Green Party","Parti Vert",N,N,0
47007,"Regina--Lewvan","Regina--Lewvan"," 515","Mobile poll/Bureau itinérant",N,N,"",0,10,"Cameron","","Susan","Liberal","Libéral",N,N,4
47007,"Regina--Lewvan","Regina--Lewvan"," 515","Mobile poll/Bureau itinérant",N,N,"",0,10,"Donaldson","","Tria","NDP-New Democratic Party","NPD-Nouveau Parti démocratique",N,N,1
47007,"Regina--Lewvan","Regina--Lewvan"," 515","Mobile poll/Bureau itinérant",N,N,"",0,10,"Kletchko","","Roderick","People's Party - PPC","Parti populaire - PPC",N,N,1
47007,"Regina--Lewvan","Regina--Lewvan"," 515","Mobile poll/Bureau itinérant",N,N,"",0,10,"Steinley","","Warren","Conservative","Conservateur",Y,Y,3
47007,"Regina--Lewvan","Regina--Lewvan"," 515","Mobile poll/Bureau itinérant",N,N,"",0,10,"Wright","","Michael","Green Party","Parti Vert",N,N,0
47007,"Regina--Lewvan","Regina--Lewvan"," 516","Mobile poll/Bureau itinérant",N,N,"",0,9,"Cameron","","Susan","Liberal","Libéral",N,N,0
47007,"Regina--Lewvan","Regina--Lewvan"," 516","Mobile poll/Bureau itinérant",N,N,"",0,9,"Donaldson","","Tria","NDP-New Democratic Party","NPD-Nouveau Parti démocratique",N,N,1
47007,"Regina--Lewvan","Regina--Lewvan"," 516","Mobile poll/Bureau itinérant",N,N,"",0,9,"Kletchko","","Roderick","People's Party - PPC","Parti populaire - PPC",N,N,0
47007,"Regina--Lewvan","Regina--Lewvan"," 516","Mobile poll/Bureau itinérant",N,N,"",0,9,"Steinley","","Warren","Conservative","Conservateur",Y,Y,6
47007,"Regina--Lewvan","Regina--Lewvan"," 516","Mobile poll/Bureau itinérant",N,N,"",0,9,"Wright","","Michael","Green Party","Parti Vert",N,N,0
47007,"Regina--Lewvan","Regina--Lewvan"," 517","Mobile poll/Bureau itinérant",N,N,"",0,7,"Cameron","","Susan","Liberal","Libéral",N,N,2
47007,"Regina--Lewvan","Regina--Lewvan"," 517","Mobile poll/Bureau itinérant",N,N,"",0,7,"Donaldson","","Tria","NDP-New Democratic Party","NPD-Nouveau Parti démocratique",N,N,2
47007,"Regina--Lewvan","Regina--Lewvan"," 517","Mobile poll/Bureau itinérant",N,N,"",0,7,"Kletchko","","Roderick","People's Party - PPC","Parti populaire - PPC",N,N,0
47007,"Regina--Lewvan","Regina--Lewvan"," 517","Mobile poll/Bureau itinérant",N,N,"",0,7,"Steinley","","Warren","Conservative","Conservateur",Y,Y,3
47007,"Regina--Lewvan","Regina--Lewvan"," 517","Mobile poll/Bureau itinérant",N,N,"",0,7,"Wright","","Michael","Green Party","Parti Vert",N,N,0
47007,"Regina--Lewvan","Regina--Lewvan"," 518","Mobile poll/Bureau itinérant",N,N,"",0,10,"Cameron","","Susan","Liberal","Libéral",N,N,2
47007,"Regina--Lewvan","Regina--Lewvan"," 518","Mobile poll/Bureau itinérant",N,N,"",0,10,"Donaldson","","Tria","NDP-New Democratic Party","NPD-Nouveau Parti démocratique",N,N,0
47007,"Regina--Lewvan","Regina--Lewvan"," 518","Mobile poll/Bureau itinérant",N,N,"",0,10,"Kletchko","","Roderick","People's Party - PPC","Parti populaire - PPC",N,N,2
47007,"Regina--Lewvan","Regina--Lewvan"," 518","Mobile poll/Bureau itinérant",N,N,"",0,10,"Steinley","","Warren","Conservative","Conservateur",Y,Y,1
47007,"Regina--Lewvan","Regina--Lewvan"," 518","Mobile poll/Bureau itinérant",N,N,"",0,10,"Wright","","Michael","Green Party","Parti Vert",N,N,1
47007,"Regina--Lewvan","Regina--Lewvan"," 519","Mobile poll/Bureau itinérant",N,N,"",4,75,"Cameron","","Susan","Liberal","Libéral",N,N,12
47007,"Regina--Lewvan","Regina--Lewvan"," 519","Mobile poll/Bureau itinérant",N,N,"",4,75,"Donaldson","","Tria","NDP-New Democratic Party","NPD-Nouveau Parti démocratique",N,N,8
47007,"Regina--Lewvan","Regina--Lewvan"," 519","Mobile poll/Bureau itinérant",N,N,"",4,75,"Kletchko","","Roderick","People's Party - PPC","Parti populaire - PPC",N,N,1
47007,"Regina--Lewvan","Regina--Lewvan"," 519","Mobile poll/Bureau itinérant",N,N,"",4,75,"Steinley","","Warren","Conservative","Conservateur",Y,Y,19
47007,"Regina--Lewvan","Regina--Lewvan"," 519","Mobile poll/Bureau itinérant",N,N,"",4,75,"Wright","","Michael","Green Party","Parti Vert",N,N,5
47007,"Regina--Lewvan","Regina--Lewvan"," 520","Mobile poll/Bureau itinérant",N,N,"",0,9,"Cameron","","Susan","Liberal","Libéral",N,N,4
47007,"Regina--Lewvan","Regina--Lewvan"," 520","Mobile poll/Bureau itinérant",N,N,"",0,9,"Donaldson","","Tria","NDP-New Democratic Party","NPD-Nouveau Parti démocratique",N,N,3
47007,"Regina--Lewvan","Regina--Lewvan"," 520","Mobile poll/Bureau itinérant",N,N,"",0,9,"Kletchko","","Roderick","People's Party - PPC","Parti populaire - PPC",N,N,0
47007,"Regina--Lewvan","Regina--Lewvan"," 520","Mobile poll/Bureau itinérant",N,N,"",0,9,"Steinley","","Warren","Conservative","Conservateur",Y,Y,1
47007,"Regina--Lewvan","Regina--Lewvan"," 520","Mobile poll/Bureau itinérant",N,N,"",0,9,"Wright","","Michael","Green Party","Parti Vert",N,N,0
47007,"Regina--Lewvan","Regina--Lewvan"," 521","Mobile poll/Bureau itinérant",N,Y,"",0,7,"Cameron","","Susan","Liberal","Libéral",N,N,0
47007,"Regina--Lewvan","Regina--Lewvan"," 521","Mobile poll/Bureau itinérant",N,Y,"",0,7,"Donaldson","","Tria","NDP-New Democratic Party","NPD-Nouveau Parti démocratique",N,N,0
47007,"Regina--Lewvan","Regina--Lewvan"," 521","Mobile poll/Bureau itinérant",N,Y,"",0,7,"Kletchko","","Roderick","People's Party - PPC","Parti populaire - PPC",N,N,0
47007,"Regina--Lewvan","Regina--Lewvan"," 521","Mobile poll/Bureau itinérant",N,Y,"",0,7,"Steinley","","Warren","Conservative","Conservateur",Y,Y,0
47007,"Regina--Lewvan","Regina--Lewvan"," 521","Mobile poll/Bureau itinérant",N,Y,"",0,7,"Wright","","Michael","Green Party","Parti Vert",N,N,0
47007,"Regina--Lewvan","Regina--Lewvan"," 522","Mobile poll/Bureau itinérant",N,Y,"",0,7,"Cameron","","Susan","Liberal","Libéral",N,N,0
47007,"Regina--Lewvan","Regina--Lewvan"," 522","Mobile poll/Bureau itinérant",N,Y,"",0,7,"Donaldson","","Tria","NDP-New Democratic Party","NPD-Nouveau Parti démocratique",N,N,0
47007,"Regina--Lewvan","Regina--Lewvan"," 522","Mobile poll/Bureau itinérant",N,Y,"",0,7,"Kletchko","","Roderick","People's Party - PPC","Parti populaire - PPC",N,N,0
47007,"Regina--Lewvan","Regina--Lewvan"," 522","Mobile poll/Bureau itinérant",N,Y,"",0,7,"Steinley","","Warren","Conservative","Conservateur",Y,Y,0
47007,"Regina--Lewvan","Regina--Lewvan"," 522","Mobile poll/Bureau itinérant",N,Y,"",0,7,"Wright","","Michael","Green Party","Parti Vert",N,N,0
47007,"Regina--Lewvan","Regina--Lewvan"," 523","Mobile poll/Bureau itinérant",N,N,"117",0,2,"Cameron","","Susan","Liberal","Libéral",N,N,0
47007,"Regina--Lewvan","Regina--Lewvan"," 523","Mobile poll/Bureau itinérant",N,N,"117",0,2,"Donaldson","","Tria","NDP-New Democratic Party","NPD-Nouveau Parti démocratique",N,N,0
47007,"Regina--Lewvan","Regina--Lewvan"," 523","Mobile poll/Bureau itinérant",N,N,"117",0,2,"Kletchko","","Roderick","People's Party - PPC","Parti populaire - PPC",N,N,0
47007,"Regina--Lewvan","Regina--Lewvan"," 523","Mobile poll/Bureau itinérant",N,N,"117",0,2,"Steinley","","Warren","Conservative","Conservateur",Y,Y,0
47007,"Regina--Lewvan","Regina--Lewvan"," 523","Mobile poll/Bureau itinérant",N,N,"117",0,2,"Wright","","Michael","Green Party","Parti Vert",N,N,0
47007,"Regina--Lewvan","Regina--Lewvan"," 524","Mobile poll/Bureau itinérant",N,N,"",1,39,"Cameron","","Susan","Liberal","Libéral",N,N,5
47007,"Regina--Lewvan","Regina--Lewvan"," 524","Mobile poll/Bureau itinérant",N,N,"",1,39,"Donaldson","","Tria","NDP-New Democratic Party","NPD-Nouveau Parti démocratique",N,N,6
47007,"Regina--Lewvan","Regina--Lewvan"," 524","Mobile poll/Bureau itinérant",N,N,"",1,39,"Kletchko","","Roderick","People's Party - PPC","Parti populaire - PPC",N,N,1
47007,"Regina--Lewvan","Regina--Lewvan"," 524","Mobile poll/Bureau itinérant",N,N,"",1,39,"Steinley","","Warren","Conservative","Conservateur",Y,Y,2
47007,"Regina--Lewvan","Regina--Lewvan"," 524","Mobile poll/Bureau itinérant",N,N,"",1,39,"Wright","","Michael","Green Party","Parti Vert",N,N,1
47007,"Regina--Lewvan","Regina--Lewvan"," 525","Mobile poll/Bureau itinérant",N,N,"",1,131,"Cameron","","Susan","Liberal","Libéral",N,N,23
47007,"Regina--Lewvan","Regina--Lewvan"," 525","Mobile poll/Bureau itinérant",N,N,"",1,131,"Donaldson","","Tria","NDP-New Democratic Party","NPD-Nouveau Parti démocratique",N,N,17
47007,"Regina--Lewvan","Regina--Lewvan"," 525","Mobile poll/Bureau itinérant",N,N,"",1,131,"Kletchko","","Roderick","People's Party - PPC","Parti populaire - PPC",N,N,3
47007,"Regina--Lewvan","Regina--Lewvan"," 525","Mobile poll/Bureau itinérant",N,N,"",1,131,"Steinley","","Warren","Conservative","Conservateur",Y,Y,18
47007,"Regina--Lewvan","Regina--Lewvan"," 525","Mobile poll/Bureau itinérant",N,N,"",1,131,"Wright","","Michael","Green Party","Parti Vert",N,N,4
47007,"Regina--Lewvan","Regina--Lewvan"," 526","Mobile poll/Bureau itinérant",N,N,"",0,141,"Cameron","","Susan","Liberal","Libéral",N,N,17
47007,"Regina--Lewvan","Regina--Lewvan"," 526","Mobile poll/Bureau itinérant",N,N,"",0,141,"Donaldson","","Tria","NDP-New Democratic Party","NPD-Nouveau Parti démocratique",N,N,9
47007,"Regina--Lewvan","Regina--Lewvan"," 526","Mobile poll/Bureau itinérant",N,N,"",0,141,"Kletchko","","Roderick","People's Party - PPC","Parti populaire - PPC",N,N,4
47007,"Regina--Lewvan","Regina--Lewvan"," 526","Mobile poll/Bureau itinérant",N,N,"",0,141,"Steinley","","Warren","Conservative","Conservateur",Y,Y,18
47007,"Regina--Lewvan","Regina--Lewvan"," 526","Mobile poll/Bureau itinérant",N,N,"",0,141,"Wright","","Michael","Green Party","Parti Vert",N,N,4
47007,"Regina--Lewvan","Regina--Lewvan"," 527","Mobile poll/Bureau itinérant",N,N,"",1,121,"Cameron","","Susan","Liberal","Libéral",N,N,16
47007,"Regina--Lewvan","Regina--Lewvan"," 527","Mobile poll/Bureau itinérant",N,N,"",1,121,"Donaldson","","Tria","NDP-New Democratic Party","NPD-Nouveau Parti démocratique",N,N,14
47007,"Regina--Lewvan","Regina--Lewvan"," 527","Mobile poll/Bureau itinérant",N,N,"",1,121,"Kletchko","","Roderick","People's Party - PPC","Parti populaire - PPC",N,N,3
47007,"Regina--Lewvan","Regina--Lewvan"," 527","Mobile poll/Bureau itinérant",N,N,"",1,121,"Steinley","","Warren","Conservative","Conservateur",Y,Y,13
47007,"Regina--Lewvan","Regina--Lewvan"," 527","Mobile poll/Bureau itinérant",N,N,"",1,121,"Wright","","Michael","Green Party","Parti Vert",N,N,0
47007,"Regina--Lewvan","Regina--Lewvan"," 528","Mobile poll/Bureau itinérant",N,N,"",1,116,"Cameron","","Susan","Liberal","Libéral",N,N,7
47007,"Regina--Lewvan","Regina--Lewvan"," 528","Mobile poll/Bureau itinérant",N,N,"",1,116,"Donaldson","","Tria","NDP-New Democratic Party","NPD-Nouveau Parti démocratique",N,N,14
47007,"Regina--Lewvan","Regina--Lewvan"," 528","Mobile poll/Bureau itinérant",N,N,"",1,116,"Kletchko","","Roderick","People's Party - PPC","Parti populaire - PPC",N,N,5
47007,"Regina--Lewvan","Regina--Lewvan"," 528","Mobile poll/Bureau itinérant",N,N,"",1,116,"Steinley","","Warren","Conservative","Conservateur",Y,Y,6
47007,"Regina--Lewvan","Regina--Lewvan"," 528","Mobile poll/Bureau itinérant",N,N,"",1,116,"Wright","","Michael","Green Party","Parti Vert",N,N,2
47007,"Regina--Lewvan","Regina--Lewvan"," 529","Mobile poll/Bureau itinérant",N,N,"",1,129,"Cameron","","Susan","Liberal","Libéral",N,N,27
47007,"Regina--Lewvan","Regina--Lewvan"," 529","Mobile poll/Bureau itinérant",N,N,"",1,129,"Donaldson","","Tria","NDP-New Democratic Party","NPD-Nouveau Parti démocratique",N,N,9
47007,"Regina--Lewvan","Regina--Lewvan"," 529","Mobile poll/Bureau itinérant",N,N,"",1,129,"Kletchko","","Roderick","People's Party - PPC","Parti populaire - PPC",N,N,0
47007,"Regina--Lewvan","Regina--Lewvan"," 529","Mobile poll/Bureau itinérant",N,N,"",1,129,"Steinley","","Warren","Conservative","Conservateur",Y,Y,48
47007,"Regina--Lewvan","Regina--Lewvan"," 529","Mobile poll/Bureau itinérant",N,N,"",1,129,"Wright","","Michael","Green Party","Parti Vert",N,N,3
47007,"Regina--Lewvan","Regina--Lewvan"," 530","Mobile poll/Bureau itinérant",N,N,"",0,6,"Cameron","","Susan","Liberal","Libéral",N,N,2
47007,"Regina--Lewvan","Regina--Lewvan"," 530","Mobile poll/Bureau itinérant",N,N,"",0,6,"Donaldson","","Tria","NDP-New Democratic Party","NPD-Nouveau Parti démocratique",N,N,0
47007,"Regina--Lewvan","Regina--Lewvan"," 530","Mobile poll/Bureau itinérant",N,N,"",0,6,"Kletchko","","Roderick","People's Party - PPC","Parti populaire - PPC",N,N,0
47007,"Regina--Lewvan","Regina--Lewvan"," 530","Mobile poll/Bureau itinérant",N,N,"",0,6,"Steinley","","Warren","Conservative","Conservateur",Y,Y,2
47007,"Regina--Lewvan","Regina--Lewvan"," 530","Mobile poll/Bureau itinérant",N,N,"",0,6,"Wright","","Michael","Green Party","Parti Vert",N,N,0
47007,"Regina--Lewvan","Regina--Lewvan"," 531","Mobile poll/Bureau itinérant",N,N,"",0,56,"Cameron","","Susan","Liberal","Libéral",N,N,8
47007,"Regina--Lewvan","Regina--Lewvan"," 531","Mobile poll/Bureau itinérant",N,N,"",0,56,"Donaldson","","Tria","NDP-New Democratic Party","NPD-Nouveau Parti démocratique",N,N,11
47007,"Regina--Lewvan","Regina--Lewvan"," 531","Mobile poll/Bureau itinérant",N,N,"",0,56,"Kletchko","","Roderick","People's Party - PPC","Parti populaire - PPC",N,N,3
47007,"Regina--Lewvan","Regina--Lewvan"," 531","Mobile poll/Bureau itinérant",N,N,"",0,56,"Steinley","","Warren","Conservative","Conservateur",Y,Y,16
47007,"Regina--Lewvan","Regina--Lewvan"," 531","Mobile poll/Bureau itinérant",N,N,"",0,56,"Wright","","Michael","Green Party","Parti Vert",N,N,0
47007,"Regina--Lewvan","Regina--Lewvan"," 532","Mobile poll/Bureau itinérant",N,N,"",0,4,"Cameron","","Susan","Liberal","Libéral",N,N,1
47007,"Regina--Lewvan","Regina--Lewvan"," 532","Mobile poll/Bureau itinérant",N,N,"",0,4,"Donaldson","","Tria","NDP-New Democratic Party","NPD-Nouveau Parti démocratique",N,N,3
47007,"Regina--Lewvan","Regina--Lewvan"," 532","Mobile poll/Bureau itinérant",N,N,"",0,4,"Kletchko","","Roderick","People's Party - PPC","Parti populaire - PPC",N,N,0
47007,"Regina--Lewvan","Regina--Lewvan"," 532","Mobile poll/Bureau itinérant",N,N,"",0,4,"Steinley","","Warren","Conservative","Conservateur",Y,Y,0
47007,"Regina--Lewvan","Regina--Lewvan"," 532","Mobile poll/Bureau itinérant",N,N,"",0,4,"Wright","","Michael","Green Party","Parti Vert",N,N,0
47007,"Regina--Lewvan","Regina--Lewvan"," 533","Mobile poll/Bureau itinérant",N,N,"97",0,1,"Cameron","","Susan","Liberal","Libéral",N,N,0
47007,"Regina--Lewvan","Regina--Lewvan"," 533","Mobile poll/Bureau itinérant",N,N,"97",0,1,"Donaldson","","Tria","NDP-New Democratic Party","NPD-Nouveau Parti démocratique",N,N,0
47007,"Regina--Lewvan","Regina--Lewvan"," 533","Mobile poll/Bureau itinérant",N,N,"97",0,1,"Kletchko","","Roderick","People's Party - PPC","Parti populaire - PPC",N,N,0
47007,"Regina--Lewvan","Regina--Lewvan"," 533","Mobile poll/Bureau itinérant",N,N,"97",0,1,"Steinley","","Warren","Conservative","Conservateur",Y,Y,0
47007,"Regina--Lewvan","Regina--Lewvan"," 533","Mobile poll/Bureau itinérant",N,N,"97",0,1,"Wright","","Michael","Green Party","Parti Vert",N,N,0
47007,"Regina--Lewvan","Regina--Lewvan"," 534","Mobile poll/Bureau itinérant",N,N,"",0,7,"Cameron","","Susan","Liberal","Libéral",N,N,1
47007,"Regina--Lewvan","Regina--Lewvan"," 534","Mobile poll/Bureau itinérant",N,N,"",0,7,"Donaldson","","Tria","NDP-New Democratic Party","NPD-Nouveau Parti démocratique",N,N,1
47007,"Regina--Lewvan","Regina--Lewvan"," 534","Mobile poll/Bureau itinérant",N,N,"",0,7,"Kletchko","","Roderick","People's Party - PPC","Parti populaire - PPC",N,N,0
47007,"Regina--Lewvan","Regina--Lewvan"," 534","Mobile poll/Bureau itinérant",N,N,"",0,7,"Steinley","","Warren","Conservative","Conservateur",Y,Y,1
47007,"Regina--Lewvan","Regina--Lewvan"," 534","Mobile poll/Bureau itinérant",N,N,"",0,7,"Wright","","Michael","Green Party","Parti Vert",N,N,0
47007,"Regina--Lewvan","Regina--Lewvan"," 535","Mobile poll/Bureau itinérant",N,N,"",0,8,"Cameron","","Susan","Liberal","Libéral",N,N,2
47007,"Regina--Lewvan","Regina--Lewvan"," 535","Mobile poll/Bureau itinérant",N,N,"",0,8,"Donaldson","","Tria","NDP-New Democratic Party","NPD-Nouveau Parti démocratique",N,N,2
47007,"Regina--Lewvan","Regina--Lewvan"," 535","Mobile poll/Bureau itinérant",N,N,"",0,8,"Kletchko","","Roderick","People's Party - PPC","Parti populaire - PPC",N,N,0
47007,"Regina--Lewvan","Regina--Lewvan"," 535","Mobile poll/Bureau itinérant",N,N,"",0,8,"Steinley","","Warren","Conservative","Conservateur",Y,Y,4
47007,"Regina--Lewvan","Regina--Lewvan"," 535","Mobile poll/Bureau itinérant",N,N,"",0,8,"Wright","","Michael","Green Party","Parti Vert",N,N,0
47007,"Regina--Lewvan","Regina--Lewvan"," 536","Mobile poll/Bureau itinérant",N,N,"",2,101,"Cameron","","Susan","Liberal","Libéral",N,N,13
47007,"Regina--Lewvan","Regina--Lewvan"," 536","Mobile poll/Bureau itinérant",N,N,"",2,101,"Donaldson","","Tria","NDP-New Democratic Party","NPD-Nouveau Parti démocratique",N,N,17
47007,"Regina--Lewvan","Regina--Lewvan"," 536","Mobile poll/Bureau itinérant",N,N,"",2,101,"Kletchko","","Roderick","People's Party - PPC","Parti populaire - PPC",N,N,1
47007,"Regina--Lewvan","Regina--Lewvan"," 536","Mobile poll/Bureau itinérant",N,N,"",2,101,"Steinley","","Warren","Conservative","Conservateur",Y,Y,34
47007,"Regina--Lewvan","Regina--Lewvan"," 536","Mobile poll/Bureau itinérant",N,N,"",2,101,"Wright","","Michael","Green Party","Parti Vert",N,N,3
47007,"Regina--Lewvan","Regina--Lewvan"," 537","Mobile poll/Bureau itinérant",N,N,"",0,46,"Cameron","","Susan","Liberal","Libéral",N,N,22
47007,"Regina--Lewvan","Regina--Lewvan"," 537","Mobile poll/Bureau itinérant",N,N,"",0,46,"Donaldson","","Tria","NDP-New Democratic Party","NPD-Nouveau Parti démocratique",N,N,5
47007,"Regina--Lewvan","Regina--Lewvan"," 537","Mobile poll/Bureau itinérant",N,N,"",0,46,"Kletchko","","Roderick","People's Party - PPC","Parti populaire - PPC",N,N,0
47007,"Regina--Lewvan","Regina--Lewvan"," 537","Mobile poll/Bureau itinérant",N,N,"",0,46,"Steinley","","Warren","Conservative","Conservateur",Y,Y,12
47007,"Regina--Lewvan","Regina--Lewvan"," 537","Mobile poll/Bureau itinérant",N,N,"",0,46,"Wright","","Michael","Green Party","Parti Vert",N,N,0
47007,"Regina--Lewvan","Regina--Lewvan"," 538","Mobile poll/Bureau itinérant",N,N,"",1,117,"Cameron","","Susan","Liberal","Libéral",N,N,18
47007,"Regina--Lewvan","Regina--Lewvan"," 538","Mobile poll/Bureau itinérant",N,N,"",1,117,"Donaldson","","Tria","NDP-New Democratic Party","NPD-Nouveau Parti démocratique",N,N,13
47007,"Regina--Lewvan","Regina--Lewvan"," 538","Mobile poll/Bureau itinérant",N,N,"",1,117,"Kletchko","","Roderick","People's Party - PPC","Parti populaire - PPC",N,N,1
47007,"Regina--Lewvan","Regina--Lewvan"," 538","Mobile poll/Bureau itinérant",N,N,"",1,117,"Steinley","","Warren","Conservative","Conservateur",Y,Y,62
47007,"Regina--Lewvan","Regina--Lewvan"," 538","Mobile poll/Bureau itinérant",N,N,"",1,117,"Wright","","Michael","Green Party","Parti Vert",N,N,0
47007,"Regina--Lewvan","Regina--Lewvan"," 539","Mobile poll/Bureau itinérant",N,N,"",0,52,"Cameron","","Susan","Liberal","Libéral",N,N,15
47007,"Regina--Lewvan","Regina--Lewvan"," 539","Mobile poll/Bureau itinérant",N,N,"",0,52,"Donaldson","","Tria","NDP-New Democratic Party","NPD-Nouveau Parti démocratique",N,N,11
47007,"Regina--Lewvan","Regina--Lewvan"," 539","Mobile poll/Bureau itinérant",N,N,"",0,52,"Kletchko","","Roderick","People's Party - PPC","Parti populaire - PPC",N,N,0
47007,"Regina--Lewvan","Regina--Lewvan"," 539","Mobile poll/Bureau itinérant",N,N,"",0,52,"Steinley","","Warren","Conservative","Conservateur",Y,Y,23
47007,"Regina--Lewvan","Regina--Lewvan"," 539","Mobile poll/Bureau itinérant",N,N,"",0,52,"Wright","","Michael","Green Party","Parti Vert",N,N,1
47007,"Regina--Lewvan","Regina--Lewvan"," 600","Regina",N,N,"",0,0,"Cameron","","Susan","Liberal","Libéral",N,N,141
47007,"Regina--Lewvan","Regina--Lewvan"," 600","Regina",N,N,"",0,0,"Donaldson","","Tria","NDP-New Democratic Party","NPD-Nouveau Parti démocratique",N,N,385
47007,"Regina--Lewvan","Regina--Lewvan"," 600","Regina",N,N,"",0,0,"Kletchko","","Roderick","People's Party - PPC","Parti populaire - PPC",N,N,49
47007,"Regina--Lewvan","Regina--Lewvan"," 600","Regina",N,N,"",0,0,"Steinley","","Warren","Conservative","Conservateur",Y,Y,1085
47007,"Regina--Lewvan","Regina--Lewvan"," 600","Regina",N,N,"",0,0,"Wright","","Michael","Green Party","Parti Vert",N,N,7
47007,"Regina--Lewvan","Regina--Lewvan"," 601","Regina",N,N,"",2,0,"Cameron","","Susan","Liberal","Libéral",N,N,210
47007,"Regina--Lewvan","Regina--Lewvan"," 601","Regina",N,N,"",2,0,"Donaldson","","Tria","NDP-New Democratic Party","NPD-Nouveau Parti démocratique",N,N,350
47007,"Regina--Lewvan","Regina--Lewvan"," 601","Regina",N,N,"",2,0,"Kletchko","","Roderick","People's Party - PPC","Parti populaire - PPC",N,N,62
47007,"Regina--Lewvan","Regina--Lewvan"," 601","Regina",N,N,"",2,0,"Steinley","","Warren","Conservative","Conservateur",Y,Y,1039
47007,"Regina--Lewvan","Regina--Lewvan"," 601","Regina",N,N,"",2,0,"Wright","","Michael","Green Party","Parti Vert",N,N,16
47007,"Regina--Lewvan","Regina--Lewvan"," 602","Regina",N,N,"",13,0,"Cameron","","Susan","Liberal","Libéral",N,N,156
47007,"Regina--Lewvan","Regina--Lewvan"," 602","Regina",N,N,"",13,0,"Donaldson","","Tria","NDP-New Democratic Party","NPD-Nouveau Parti démocratique",N,N,419
47007,"Regina--Lewvan","Regina--Lewvan"," 602","Regina",N,N,"",13,0,"Kletchko","","Roderick","People's Party - PPC","Parti populaire - PPC",N,N,70
47007,"Regina--Lewvan","Regina--Lewvan"," 602","Regina",N,N,"",13,0,"Steinley","","Warren","Conservative","Conservateur",Y,Y,962
47007,"Regina--Lewvan","Regina--Lewvan"," 602","Regina",N,N,"",13,0,"Wright","","Michael","Green Party","Parti Vert",N,N,14
47007,"Regina--Lewvan","Regina--Lewvan"," 603","Regina",N,N,"",2,0,"Cameron","","Susan","Liberal","Libéral",N,N,154
47007,"Regina--Lewvan","Regina--Lewvan"," 603","Regina",N,N,"",2,0,"Donaldson","","Tria","NDP-New Democratic Party","NPD-Nouveau Parti démocratique",N,N,477
47007,"Regina--Lewvan","Regina--Lewvan"," 603","Regina",N,N,"",2,0,"Kletchko","","Roderick","People's Party - PPC","Parti populaire - PPC",N,N,55
47007,"Regina--Lewvan","Regina--Lewvan"," 603","Regina",N,N,"",2,0,"Steinley","","Warren","Conservative","Conservateur",Y,Y,782
47007,"Regina--Lewvan","Regina--Lewvan"," 603","Regina",N,N,"",2,0,"Wright","","Michael","Green Party","Parti Vert",N,N,13
47007,"Regina--Lewvan","Regina--Lewvan"," 604","Regina",N,N,"",5,0,"Cameron","","Susan","Liberal","Libéral",N,N,152
47007,"Regina--Lewvan","Regina--Lewvan"," 604","Regina",N,N,"",5,0,"Donaldson","","Tria","NDP-New Democratic Party","NPD-Nouveau Parti démocratique",N,N,471
47007,"Regina--Lewvan","Regina--Lewvan"," 604","Regina",N,N,"",5,0,"Kletchko","","Roderick","People's Party - PPC","Parti populaire - PPC",N,N,53
47007,"Regina--Lewvan","Regina--Lewvan"," 604","Regina",N,N,"",5,0,"Steinley","","Warren","Conservative","Conservateur",Y,Y,1127
47007,"Regina--Lewvan","Regina--Lewvan"," 604","Regina",N,N,"",5,0,"Wright","","Michael","Green Party","Parti Vert",N,N,17
47007,"Regina--Lewvan","Regina--Lewvan"," 605","Regina",N,N,"",6,0,"Cameron","","Susan","Liberal","Libéral",N,N,90
47007,"Regina--Lewvan","Regina--Lewvan"," 605","Regina",N,N,"",6,0,"Donaldson","","Tria","NDP-New Democratic Party","NPD-Nouveau Parti démocratique",N,N,369
47007,"Regina--Lewvan","Regina--Lewvan"," 605","Regina",N,N,"",6,0,"Kletchko","","Roderick","People's Party - PPC","Parti populaire - PPC",N,N,42
47007,"Regina--Lewvan","Regina--Lewvan"," 605","Regina",N,N,"",6,0,"Steinley","","Warren","Conservative","Conservateur",Y,Y,657
47007,"Regina--Lewvan","Regina--Lewvan"," 605","Regina",N,N,"",6,0,"Wright","","Michael","Green Party","Parti Vert",N,N,12
47007,"Regina--Lewvan","Regina--Lewvan"," 606","Regina",N,N,"",0,0,"Cameron","","Susan","Liberal","Libéral",N,N,71
47007,"Regina--Lewvan","Regina--Lewvan"," 606","Regina",N,N,"",0,0,"Donaldson","","Tria","NDP-New Democratic Party","NPD-Nouveau Parti démocratique",N,N,264
47007,"Regina--Lewvan","Regina--Lewvan"," 606","Regina",N,N,"",0,0,"Kletchko","","Roderick","People's Party - PPC","Parti populaire - PPC",N,N,62
47007,"Regina--Lewvan","Regina--Lewvan"," 606","Regina",N,N,"",0,0,"Steinley","","Warren","Conservative","Conservateur",Y,Y,364
47007,"Regina--Lewvan","Regina--Lewvan"," 606","Regina",N,N,"",0,0,"Wright","","Michael","Green Party","Parti Vert",N,N,9
47007,"Regina--Lewvan","Regina--Lewvan"," 607","Regina",N,N,"",2,0,"Cameron","","Susan","Liberal","Libéral",N,N,129
47007,"Regina--Lewvan","Regina--Lewvan"," 607","Regina",N,N,"",2,0,"Donaldson","","Tria","NDP-New Democratic Party","NPD-Nouveau Parti démocratique",N,N,397
47007,"Regina--Lewvan","Regina--Lewvan"," 607","Regina",N,N,"",2,0,"Kletchko","","Roderick","People's Party - PPC","Parti populaire - PPC",N,N,23
47007,"Regina--Lewvan","Regina--Lewvan"," 607","Regina",N,N,"",2,0,"Steinley","","Warren","Conservative","Conservateur",Y,Y,608
47007,"Regina--Lewvan","Regina--Lewvan"," 607","Regina",N,N,"",2,0,"Wright","","Michael","Green Party","Parti Vert",N,N,23
47007,"Regina--Lewvan","Regina--Lewvan"," 608","Regina",N,N,"",2,0,"Cameron","","Susan","Liberal","Libéral",N,N,166
47007,"Regina--Lewvan","Regina--Lewvan"," 608","Regina",N,N,"",2,0,"Donaldson","","Tria","NDP-New Democratic Party","NPD-Nouveau Parti démocratique",N,N,824
47007,"Regina--Lewvan","Regina--Lewvan"," 608","Regina",N,N,"",2,0,"Kletchko","","Roderick","People's Party - PPC","Parti populaire - PPC",N,N,29
47007,"Regina--Lewvan","Regina--Lewvan"," 608","Regina",N,N,"",2,0,"Steinley","","Warren","Conservative","Conservateur",Y,Y,362
47007,"Regina--Lewvan","Regina--Lewvan"," 608","Regina",N,N,"",2,0,"Wright","","Michael","Green Party","Parti Vert",N,N,28
47007,"Regina--Lewvan","Regina--Lewvan"," 609","Regina",N,N,"",13,0,"Cameron","","Susan","Liberal","Libéral",N,N,258
47007,"Regina--Lewvan","Regina--Lewvan"," 609","Regina",N,N,"",13,0,"Donaldson","","Tria","NDP-New Democratic Party","NPD-Nouveau Parti démocratique",N,N,685
47007,"Regina--Lewvan","Regina--Lewvan"," 609","Regina",N,N,"",13,0,"Kletchko","","Roderick","People's Party - PPC","Parti populaire - PPC",N,N,45
47007,"Regina--Lewvan","Regina--Lewvan"," 609","Regina",N,N,"",13,0,"Steinley","","Warren","Conservative","Conservateur",Y,Y,518
47007,"Regina--Lewvan","Regina--Lewvan"," 609","Regina",N,N,"",13,0,"Wright","","Michael","Green Party","Parti Vert",N,N,19
47007,"Regina--Lewvan","Regina--Lewvan"," 610","Regina",N,N,"",2,0,"Cameron","","Susan","Liberal","Libéral",N,N,304
47007,"Regina--Lewvan","Regina--Lewvan"," 610","Regina",N,N,"",2,0,"Donaldson","","Tria","NDP-New Democratic Party","NPD-Nouveau Parti démocratique",N,N,325
47007,"Regina--Lewvan","Regina--Lewvan"," 610","Regina",N,N,"",2,0,"Kletchko","","Roderick","People's Party - PPC","Parti populaire - PPC",N,N,25
47007,"Regina--Lewvan","Regina--Lewvan"," 610","Regina",N,N,"",2,0,"Steinley","","Warren","Conservative","Conservateur",Y,Y,602
47007,"Regina--Lewvan","Regina--Lewvan"," 610","Regina",N,N,"",2,0,"Wright","","Michael","Green Party","Parti Vert",N,N,15
47007,"Regina--Lewvan","Regina--Lewvan"," 611","Regina",N,N,"",9,0,"Cameron","","Susan","Liberal","Libéral",N,N,373
47007,"Regina--Lewvan","Regina--Lewvan"," 611","Regina",N,N,"",9,0,"Donaldson","","Tria","NDP-New Democratic Party","NPD-Nouveau Parti démocratique",N,N,433
47007,"Regina--Lewvan","Regina--Lewvan"," 611","Regina",N,N,"",9,0,"Kletchko","","Roderick","People's Party - PPC","Parti populaire - PPC",N,N,35
47007,"Regina--Lewvan","Regina--Lewvan"," 611","Regina",N,N,"",9,0,"Steinley","","Warren","Conservative","Conservateur",Y,Y,765
47007,"Regina--Lewvan","Regina--Lewvan"," 611","Regina",N,N,"",9,0,"Wright","","Michael","Green Party","Parti Vert",N,N,13
47007,"Regina--Lewvan","Regina--Lewvan"," 612","Regina",N,N,"",3,0,"Cameron","","Susan","Liberal","Libéral",N,N,206
47007,"Regina--Lewvan","Regina--Lewvan"," 612","Regina",N,N,"",3,0,"Donaldson","","Tria","NDP-New Democratic Party","NPD-Nouveau Parti démocratique",N,N,329
47007,"Regina--Lewvan","Regina--Lewvan"," 612","Regina",N,N,"",3,0,"Kletchko","","Roderick","People's Party - PPC","Parti populaire - PPC",N,N,61
47007,"Regina--Lewvan","Regina--Lewvan"," 612","Regina",N,N,"",3,0,"Steinley","","Warren","Conservative","Conservateur",Y,Y,626
47007,"Regina--Lewvan","Regina--Lewvan"," 612","Regina",N,N,"",3,0,"Wright","","Michael","Green Party","Parti Vert",N,N,10
47007,"Regina--Lewvan","Regina--Lewvan"," S/R 1","SVR Group 1/RÉS Groupe 1",N,N,"",21,171,"Cameron","","Susan","Liberal","Libéral",N,N,101
47007,"Regina--Lewvan","Regina--Lewvan"," S/R 1","SVR Group 1/RÉS Groupe 1",N,N,"",21,171,"Donaldson","","Tria","NDP-New Democratic Party","NPD-Nouveau Parti démocratique",N,N,199
47007,"Regina--Lewvan","Regina--Lewvan"," S/R 1","SVR Group 1/RÉS Groupe 1",N,N,"",21,171,"Kletchko","","Roderick","People's Party - PPC","Parti populaire - PPC",N,N,14
47007,"Regina--Lewvan","Regina--Lewvan"," S/R 1","SVR Group 1/RÉS Groupe 1",N,N,"",21,171,"Steinley","","Warren","Conservative","Conservateur",Y,Y,171
47007,"Regina--Lewvan","Regina--Lewvan"," S/R 1","SVR Group 1/RÉS Groupe 1",N,N,"",21,171,"Wright","","Michael","Green Party","Parti Vert",N,N,4
47007,"Regina--Lewvan","Regina--Lewvan"," S/R 2","SVR Group 2/RÉS Groupe 2",N,N,"",34,0,"Cameron","","Susan","Liberal","Libéral",N,N,642
47007,"Regina--Lewvan","Regina--Lewvan"," S/R 2","SVR Group 2/RÉS Groupe 2",N,N,"",34,0,"Donaldson","","Tria","NDP-New Democratic Party","NPD-Nouveau Parti démocratique",N,N,1430
47007,"Regina--Lewvan","Regina--Lewvan"," S/R 2","SVR Group 2/RÉS Groupe 2",N,N,"",34,0,"Kletchko","","Roderick","People's Party - PPC","Parti populaire - PPC",N,N,39
47007,"Regina--Lewvan","Regina--Lewvan"," S/R 2","SVR Group 2/RÉS Groupe 2",N,N,"",34,0,"Steinley","","Warren","Conservative","Conservateur",Y,Y,1346
47007,"Regina--Lewvan","Regina--Lewvan"," S/R 2","SVR Group 2/RÉS Groupe 2",N,N,"",34,0,"Wright","","Michael","Green Party","Parti Vert",N,N,37
